0.000000E+00	7.000000E+02	0.000000E+00	2.251000E-01	3.380000E-02	1.000000E-03	0.000000E+00	0.000000E+00	0.000000E+00	0.000000E+00	0.000000E+00	0.000000E+00	0.000000E+00	0.000000E+00	0.000000E+00	0.000000E+00	0.000000E+00	0.000000E+00	0.000000E+00	0.000000E+00
1.649492E-07	7.134656E+02	4.632500E-04	2.236521E-01	3.330552E-02	1.899317E-03	5.136247E-04	1.831997E-05	0.000000E+00	5.753497E-07	2.566245E-05	1.564358E-05	7.021953E-07	1.584964E-11	4.647257E-06	6.050846E-11	6.119519E-07	2.102620E-09	1.155764E-09	1.087566E-11
1.695440E-06	7.268759E+02	9.265002E-04	2.222042E-01	3.281105E-02	2.798633E-03	1.027249E-03	3.664065E-05	4.297661E-18	1.150780E-06	5.131509E-05	3.130288E-05	1.393189E-06	6.893737E-11	9.241985E-06	4.717871E-10	1.302359E-06	4.205241E-09	1.779641E-09	5.736017E-11
8.880916E-06	7.402315E+02	1.389750E-03	2.207562E-01	3.231656E-02	3.697948E-03	1.540872E-03	5.496210E-05	1.046504E-18	1.726264E-06	7.696135E-05	4.697461E-05	2.078141E-06	1.928357E-10	1.377883E-05	1.685312E-09	2.082464E-06	6.307858E-09	2.707326E-09	2.096984E-10
3.457802E-05	7.535338E+02	1.853000E-03	2.193083E-01	3.182207E-02	4.597264E-03	2.054493E-03	7.328444E-05	7.921267E-17	2.301799E-06	1.026017E-04	6.265916E-05	2.757824E-06	4.500328E-10	1.825163E-05	4.344890E-09	2.960850E-06	8.410477E-09	4.168700E-09	6.372136E-10
1.112620E-04	7.667836E+02	2.316250E-03	2.178603E-01	3.132757E-02	5.496578E-03	2.568111E-03	9.160775E-05	9.051280E-16	2.877392E-06	1.282359E-04	7.835762E-05	3.432338E-06	9.529024E-10	2.265330E-05	9.365364E-09	3.945525E-06	1.051310E-08	6.508983E-09	1.696808E-09
3.081511E-04	7.799819E+02	2.779500E-03	2.164124E-01	3.083306E-02	6.395890E-03	3.081723E-03	1.099320E-04	1.262481E-15	3.453055E-06	1.538631E-04	9.407133E-05	4.101509E-06	1.883288E-09	2.697609E-05	1.796574E-08	5.043273E-06	1.261572E-08	1.025196E-08	4.038694E-09
7.563164E-04	7.931301E+02	3.242751E-03	2.149643E-01	3.033855E-02	7.295198E-03	3.595328E-03	1.282573E-04	2.647285E-15	4.028803E-06	1.794824E-04	1.098017E-04	4.765031E-06	3.513438E-09	3.121202E-05	3.169515E-08	6.258813E-06	1.471834E-08	1.616558E-08	8.739849E-09
1.647818E-03	8.062307E+02	3.705999E-03	2.135163E-01	2.984402E-02	8.194498E-03	4.108921E-03	1.465835E-04	1.233421E-14	4.604654E-06	2.050928E-04	1.255495E-04	5.422726E-06	6.163186E-09	3.535628E-05	5.209883E-08	7.590810E-06	1.682096E-08	2.515371E-08	1.719858E-08
3.463094E-03	8.192785E+02	4.169250E-03	2.120682E-01	2.934948E-02	9.093788E-03	4.622497E-03	1.649104E-04	4.671254E-14	5.180662E-06	2.306912E-04	1.413189E-04	6.073174E-06	1.057214E-08	3.938491E-05	8.277839E-08	9.057446E-06	1.892359E-08	3.939760E-08	3.272597E-08
6.579487E-03	8.322821E+02	4.632500E-03	2.106201E-01	2.885494E-02	9.993065E-03	5.136053E-03	1.832377E-04	1.077546E-13	5.756841E-06	2.562776E-04	1.571078E-04	6.716936E-06	1.710034E-08	4.330617E-05	1.246941E-07	1.063741E-05	2.102623E-08	6.001660E-08	5.740770E-08
1.180601E-02	8.452400E+02	5.095750E-03	2.091721E-01	2.836040E-02	1.089232E-02	5.649577E-03	2.015649E-04	2.234474E-13	6.333247E-06	2.818494E-04	1.729180E-04	7.353017E-06	2.664339E-08	4.710380E-05	1.813430E-07	1.233502E-05	2.312886E-08	8.986085E-08	9.593510E-08
2.065431E-02	8.581478E+02	5.559000E-03	2.077241E-01	2.786586E-02	1.179154E-02	6.163057E-03	2.198911E-04	4.845728E-13	6.909983E-06	3.074023E-04	1.887525E-04	7.979806E-06	4.070388E-08	5.075197E-05	2.582665E-07	1.415713E-05	2.523151E-08	1.339245E-07	1.565835E-07
3.436367E-02	8.710114E+02	6.022250E-03	2.062762E-01	2.737133E-02	1.269070E-02	6.676482E-03	2.382153E-04	8.640397E-13	7.487099E-06	3.329353E-04	2.046085E-04	8.597466E-06	6.012652E-08	5.425384E-05	3.574325E-07	1.608373E-05	2.733418E-08	1.954596E-07	2.450821E-07
5.486341E-02	8.838311E+02	6.485500E-03	2.048284E-01	2.687682E-02	1.358981E-02	7.189837E-03	2.565362E-04	1.491174E-12	8.064685E-06	3.584458E-04	2.204849E-04	9.205275E-06	8.630382E-08	5.759862E-05	4.827847E-07	1.810592E-05	2.943687E-08	2.798006E-07	3.704595E-07
8.438055E-02	8.966082E+02	6.948750E-03	2.033807E-01	2.638235E-02	1.448883E-02	7.703103E-03	2.748521E-04	2.484237E-12	8.642837E-06	3.839312E-04	2.363792E-04	9.802663E-06	1.206686E-07	6.077836E-05	6.379713E-07	2.021212E-05	3.153959E-08	3.928047E-07	5.425770E-07
1.275051E-01	9.093383E+02	7.411999E-03	2.019332E-01	2.588793E-02	1.538773E-02	8.216245E-03	2.931598E-04	4.069715E-12	9.221760E-06	4.093846E-04	2.522895E-04	1.038759E-05	1.662753E-07	6.376262E-05	8.315118E-07	2.239707E-05	3.364236E-08	5.468513E-07	7.819004E-07
1.893733E-01	9.220220E+02	7.875250E-03	2.004859E-01	2.539359E-02	1.628648E-02	8.729225E-03	3.114558E-04	6.565040E-12	9.801636E-06	4.348014E-04	2.682087E-04	1.095909E-05	2.258917E-07	6.653903E-05	1.069484E-06	2.464173E-05	3.574520E-08	7.546592E-07	1.109192E-06
2.735502E-01	9.346642E+02	8.338500E-03	1.990388E-01	2.489936E-02	1.718505E-02	9.242021E-03	3.297372E-04	1.025631E-11	1.038254E-05	4.601803E-04	2.841275E-04	1.151764E-05	3.007961E-07	6.911820E-05	1.352839E-06	2.692322E-05	3.784812E-08	1.023989E-06	1.536646E-06
3.831433E-01	9.472678E+02	8.801750E-03	1.975921E-01	2.440526E-02	1.808340E-02	9.754611E-03	3.480016E-04	1.541856E-11	1.096454E-05	4.855201E-04	3.000383E-04	1.206355E-05	3.920396E-07	7.150762E-05	1.682295E-06	2.922604E-05	3.995114E-08	1.361586E-06	2.074531E-06
5.231933E-01	9.598315E+02	9.264999E-03	1.961457E-01	2.391132E-02	1.898151E-02	1.026696E-02	3.662453E-04	2.242881E-11	1.154779E-05	5.108160E-04	3.159338E-04	1.259585E-05	5.020480E-07	7.369541E-05	2.062802E-06	3.153983E-05	4.205427E-08	1.779624E-06	2.741943E-06
7.222065E-01	9.723380E+02	9.728247E-03	1.946999E-01	2.341769E-02	1.987914E-02	1.077886E-02	3.844479E-04	3.345031E-11	1.213318E-05	5.360362E-04	3.317798E-04	1.310719E-05	6.451763E-07	7.558217E-05	2.526380E-06	3.383505E-05	4.415761E-08	2.348409E-06	3.648529E-06
9.654344E-01	9.848110E+02	1.019150E-02	1.932546E-01	2.292430E-02	2.077642E-02	1.129043E-02	4.026194E-04	4.780574E-11	1.272001E-05	5.612040E-04	3.475784E-04	1.360555E-05	8.112927E-07	7.728887E-05	3.043553E-06	3.610167E-05	4.626114E-08	3.027665E-06	4.727537E-06
1.261563E+00	9.972454E+02	1.065475E-02	1.918098E-01	2.243119E-02	2.167329E-02	1.180161E-02	4.207535E-04	6.620513E-11	1.330854E-05	5.863100E-04	3.633184E-04	1.408884E-05	1.004601E-06	7.878786E-05	3.623379E-06	3.833156E-05	4.836490E-08	3.838659E-06	6.011665E-06
1.666202E+00	1.009620E+03	1.111800E-02	1.903659E-01	2.193872E-02	2.256930E-02	1.231199E-02	4.388090E-04	9.392866E-11	1.390006E-05	6.112959E-04	3.789154E-04	1.454721E-05	1.249065E-06	7.996117E-05	4.311057E-06	4.046674E-05	5.046907E-08	4.914058E-06	7.698311E-06
2.121249E+00	1.021971E+03	1.158125E-02	1.889225E-01	2.144653E-02	2.346491E-02	1.282200E-02	4.568277E-04	1.263009E-10	1.449283E-05	6.362270E-04	3.944409E-04	1.499530E-05	1.516156E-06	8.100490E-05	5.044015E-06	4.255658E-05	5.257345E-08	6.111027E-06	9.567259E-06
2.726355E+00	1.034256E+03	1.204450E-02	1.874804E-01	2.095524E-02	2.435935E-02	1.333093E-02	4.747363E-04	1.731627E-10	1.508907E-05	6.609971E-04	4.097443E-04	1.541545E-05	1.848277E-06	8.170736E-05	5.901882E-06	4.450877E-05	5.467847E-08	7.667332E-06	1.196932E-05
3.429501E+00	1.046507E+03	1.250775E-02	1.860390E-01	2.046454E-02	2.525303E-02	1.383915E-02	4.925717E-04	2.306514E-10	1.568711E-05	6.856615E-04	4.248902E-04	1.582070E-05	2.219530E-06	8.224272E-05	6.827874E-06	4.637491E-05	5.678391E-08	9.455328E-06	1.470542E-05
4.282622E+00	1.058705E+03	1.297100E-02	1.845990E-01	1.997476E-02	2.614553E-02	1.434629E-02	5.102952E-04	3.043963E-10	1.628790E-05	7.101645E-04	4.397952E-04	1.620316E-05	2.650645E-06	8.252247E-05	7.858077E-06	4.810946E-05	5.889001E-08	1.159775E-05	1.795251E-05
5.313406E+00	1.070849E+03	1.343425E-02	1.831603E-01	1.948609E-02	2.703664E-02	1.485215E-02	5.278842E-04	3.997214E-10	1.689106E-05	7.344711E-04	4.543987E-04	1.656343E-05	3.147186E-06	8.257855E-05	8.990847E-06	4.970408E-05	6.099691E-08	1.415630E-05	2.178121E-05
6.504314E+00	1.082945E+03	1.389750E-02	1.817229E-01	1.899842E-02	2.792650E-02	1.535685E-02	5.453520E-04	5.144962E-10	1.749636E-05	7.586006E-04	4.687305E-04	1.690369E-05	3.702695E-06	8.243302E-05	1.021606E-05	5.117260E-05	6.310454E-08	1.708992E-05	2.613410E-05
7.947567E+00	1.094977E+03	1.436075E-02	1.802874E-01	1.851237E-02	2.881438E-02	1.585971E-02	5.626255E-04	6.634883E-10	1.810367E-05	7.824379E-04	4.826187E-04	1.721786E-05	4.343955E-06	8.205719E-05	1.156131E-05	5.247164E-05	6.521337E-08	2.061124E-05	3.128167E-05
9.592938E+00	1.106956E+03	1.482400E-02	1.788535E-01	1.802764E-02	2.970067E-02	1.636111E-02	5.797435E-04	8.398870E-10	1.871258E-05	8.060411E-04	4.961516E-04	1.751112E-05	5.053898E-06	8.149690E-05	1.300269E-05	5.363494E-05	6.732315E-08	2.460331E-05	3.706573E-05
1.152839E+01	1.118869E+03	1.528725E-02	1.774219E-01	1.754482E-02	3.058467E-02	1.686035E-02	5.966348E-04	1.059961E-09	1.932212E-05	8.292876E-04	5.091650E-04	1.777936E-05	5.854728E-06	8.074929E-05	1.455634E-05	5.463946E-05	6.943438E-08	2.926924E-05	4.372974E-05
1.377715E+01	1.130710E+03	1.575050E-02	1.759927E-01	1.706409E-02	3.146618E-02	1.735729E-02	6.132813E-04	1.327206E-09	1.993234E-05	8.521490E-04	5.216174E-04	1.802057E-05	6.753719E-06	7.979935E-05	1.623122E-05	5.547250E-05	7.154717E-08	3.466297E-05	5.134413E-05
1.626301E+01	1.142503E+03	1.621374E-02	1.745653E-01	1.658497E-02	3.234580E-02	1.785243E-02	6.297394E-04	1.633801E-09	2.054161E-05	8.746987E-04	5.336437E-04	1.824460E-05	7.721074E-06	7.874441E-05	1.797928E-05	5.620427E-05	7.366120E-08	4.060776E-05	5.965242E-05
1.930122E+01	1.154182E+03	1.667700E-02	1.731421E-01	1.610962E-02	3.322099E-02	1.834339E-02	6.457589E-04	2.032066E-09	2.114865E-05	8.965221E-04	5.446770E-04	1.842861E-05	8.847687E-06	7.744487E-05	1.989782E-05	5.670015E-05	7.577814E-08	4.783628E-05	6.957718E-05
2.235194E+01	1.165858E+03	1.714025E-02	1.717191E-01	1.563435E-02	3.409608E-02	1.883426E-02	6.617683E-04	2.432595E-09	2.175555E-05	9.183279E-04	5.556882E-04	1.861185E-05	9.977606E-06	7.614169E-05	2.181933E-05	5.719203E-05	7.789515E-08	5.509396E-05	7.953728E-05
2.640684E+01	1.177345E+03	1.760350E-02	1.703040E-01	1.516613E-02	3.496302E-02	1.931732E-02	6.769675E-04	3.014932E-09	2.235175E-05	9.387186E-04	5.649127E-04	1.873349E-05	1.137297E-05	7.454651E-05	2.398017E-05	5.736398E-05	8.001776E-08	6.469250E-05	9.233535E-05
3.046174E+01	1.188832E+03	1.806675E-02	1.688890E-01	1.469791E-02	3.582995E-02	1.980038E-02	6.921666E-04	3.597270E-09	2.294796E-05	9.591093E-04	5.741372E-04	1.885514E-05	1.276833E-05	7.295134E-05	2.614102E-05	5.753592E-05	8.214038E-08	7.429103E-05	1.051334E-04
3.530831E+01	1.200178E+03	1.853000E-02	1.674804E-01	1.423541E-02	3.669030E-02	2.027706E-02	7.067165E-04	4.333791E-09	2.353019E-05	9.783060E-04	5.819874E-04	1.893545E-05	1.435448E-05	7.121457E-05	2.843978E-05	5.752853E-05	8.426773E-08	8.574496E-05	1.200936E-04
4.064953E+01	1.211436E+03	1.899325E-02	1.660758E-01	1.377649E-02	3.754655E-02	2.074974E-02	7.208606E-04	5.166646E-09	2.410368E-05	9.967569E-04	5.889790E-04	1.898992E-05	1.605984E-05	6.938934E-05	3.082471E-05	5.740908E-05	8.639803E-08	9.835814E-05	1.364046E-04
4.616483E+01	1.222665E+03	1.945649E-02	1.646728E-01	1.331887E-02	3.840130E-02	2.122096E-02	7.348594E-04	6.035338E-09	2.467284E-05	1.014928E-03	5.956798E-04	1.903661E-05	1.780321E-05	6.754701E-05	3.322965E-05	5.726303E-05	8.852946E-08	1.113831E-04	1.531760E-04
5.309872E+01	1.233653E+03	1.991975E-02	1.632819E-01	1.287183E-02	3.924393E-02	2.168021E-02	7.476741E-04	7.196074E-09	2.520663E-05	1.030818E-03	6.000106E-04	1.901984E-05	1.985635E-05	6.556535E-05	3.579761E-05	5.690015E-05	9.067013E-08	1.277637E-04	1.736981E-04
6.003262E+01	1.244641E+03	2.038300E-02	1.618911E-01	1.242478E-02	4.008656E-02	2.213947E-02	7.604888E-04	8.356809E-09	2.574042E-05	1.046707E-03	6.043414E-04	1.900307E-05	2.190950E-05	6.358369E-05	3.836557E-05	5.653728E-05	9.281079E-08	1.441442E-04	1.942201E-04
6.791651E+01	1.255473E+03	2.084625E-02	1.605090E-01	1.198510E-02	4.092073E-02	2.259024E-02	7.724939E-04	9.719393E-09	2.624339E-05	1.060976E-03	6.071669E-04	1.894975E-05	2.414908E-05	6.156298E-05	4.098961E-05	5.608239E-05	9.495824E-08	1.628033E-04	2.171788E-04
7.677261E+01	1.266143E+03	2.130950E-02	1.591359E-01	1.155294E-02	4.174624E-02	2.303233E-02	7.836704E-04	1.128855E-08	2.671482E-05	1.073585E-03	6.084519E-04	1.885902E-05	2.657947E-05	5.950233E-05	4.367105E-05	5.553336E-05	9.711265E-08	1.837942E-04	2.426310E-04
8.562871E+01	1.276813E+03	2.177275E-02	1.577629E-01	1.112078E-02	4.257175E-02	2.347441E-02	7.948469E-04	1.285770E-08	2.718625E-05	1.086195E-03	6.097369E-04	1.876830E-05	2.900985E-05	5.744168E-05	4.635250E-05	5.498432E-05	9.926706E-08	2.047851E-04	2.680832E-04
9.622020E+01	1.287198E+03	2.223600E-02	1.564073E-01	1.070266E-02	4.338092E-02	2.389986E-02	8.045063E-04	1.479503E-08	2.758819E-05	1.095676E-03	6.084544E-04	1.862002E-05	3.174326E-05	5.537911E-05	4.904328E-05	5.433751E-05	1.014355E-07	2.300233E-04	2.978673E-04
1.073253E+02	1.297498E+03	2.269925E-02	1.550568E-01	1.028871E-02	4.418525E-02	2.432038E-02	8.137167E-04	1.684131E-08	2.796957E-05	1.104232E-03	6.064122E-04	1.845471E-05	3.456635E-05	5.331596E-05	5.173682E-05	5.366177E-05	1.036080E-07	2.565185E-04	3.289334E-04
1.184303E+02	1.307798E+03	2.316249E-02	1.537064E-01	9.874750E-03	4.498958E-02	2.474090E-02	8.229270E-04	1.888760E-08	2.835094E-05	1.112787E-03	6.043700E-04	1.828940E-05	3.738944E-05	5.125282E-05	5.443037E-05	5.298602E-05	1.057806E-07	2.830136E-04	3.599994E-04
1.319253E+02	1.317695E+03	2.362575E-02	1.523829E-01	9.481294E-03	4.576962E-02	2.513631E-02	8.299748E-04	2.141616E-08	2.861826E-05	1.116806E-03	5.990809E-04	1.805580E-05	4.057910E-05	4.925432E-05	5.701036E-05	5.224275E-05	1.079754E-07	3.155335E-04	3.969040E-04
1.455609E+02	1.327569E+03	2.408900E-02	1.510610E-01	9.089045E-03	4.654823E-02	2.553024E-02	8.368952E-04	2.397314E-08	2.887887E-05	1.120557E-03	5.936005E-04	1.781817E-05	4.379035E-05	4.725962E-05	5.958366E-05	5.149550E-05	1.101716E-07	3.484083E-04	4.341526E-04
1.592422E+02	1.337434E+03	2.455225E-02	1.497396E-01	8.697219E-03	4.732632E-02	2.592362E-02	8.437723E-04	2.653820E-08	2.913694E-05	1.124217E-03	5.880643E-04	1.757942E-05	4.700764E-05	4.526711E-05	6.215232E-05	5.074782E-05	1.123683E-07	3.814032E-04	4.715112E-04
1.755866E+02	1.346825E+03	2.501550E-02	1.484529E-01	8.330130E-03	4.807427E-02	2.628550E-02	8.481164E-04	2.957536E-08	2.924701E-05	1.122545E-03	5.792639E-04	1.727533E-05	5.057750E-05	4.340194E-05	6.444997E-05	4.997549E-05	1.145949E-07	4.214133E-04	5.153023E-04
1.919309E+02	1.356216E+03	2.547875E-02	1.471662E-01	7.963040E-03	4.882221E-02	2.664737E-02	8.524606E-04	3.261252E-08	2.935708E-05	1.120873E-03	5.704634E-04	1.697123E-05	5.414736E-05	4.153677E-05	6.674761E-05	4.920315E-05	1.168215E-07	4.614235E-04	5.590933E-04
2.082753E+02	1.365607E+03	2.594199E-02	1.458795E-01	7.595950E-03	4.957016E-02	2.700924E-02	8.568048E-04	3.564968E-08	2.946715E-05	1.119201E-03	5.616630E-04	1.666714E-05	5.771722E-05	3.967160E-05	6.904525E-05	4.843082E-05	1.190481E-07	5.014337E-04	6.028843E-04
2.273267E+02	1.374465E+03	2.640525E-02	1.446352E-01	7.257004E-03	5.028255E-02	2.733362E-02	8.583773E-04	3.904422E-08	2.940420E-05	1.111769E-03	5.499334E-04	1.630660E-05	6.158710E-05	3.798276E-05	7.090694E-05	4.766890E-05	1.213134E-07	5.490518E-04	6.532413E-04
2.463908E+02	1.383321E+03	2.686850E-02	1.433911E-01	6.918190E-03	5.099476E-02	2.765782E-02	8.599367E-04	4.244046E-08	2.934043E-05	1.104310E-03	5.381900E-04	1.594580E-05	6.545840E-05	3.629475E-05	7.276657E-05	4.690703E-05	1.235788E-07	5.967058E-04	7.036294E-04
2.654550E+02	1.392177E+03	2.733175E-02	1.421470E-01	6.579376E-03	5.170698E-02	2.798203E-02	8.614961E-04	4.583669E-08	2.927666E-05	1.096851E-03	5.264466E-04	1.558500E-05	6.932970E-05	3.460674E-05	7.462620E-05	4.614516E-05	1.258442E-07	6.443599E-04	7.540175E-04
2.867346E+02	1.400518E+03	2.779500E-02	1.409475E-01	6.267876E-03	5.238308E-02	2.826804E-02	8.605018E-04	4.935422E-08	2.904881E-05	1.084258E-03	5.126394E-04	1.518571E-05	7.339436E-05	3.310434E-05	7.596696E-05	4.541448E-05	1.281530E-07	6.989155E-04	8.099738E-04
3.082932E+02	1.408795E+03	2.825825E-02	1.397535E-01	5.959817E-03	5.305464E-02	2.854924E-02	8.591857E-04	5.288703E-08	2.880028E-05	1.071019E-03	4.985723E-04	1.478158E-05	7.748338E-05	3.162531E-05	7.724235E-05	4.468773E-05	1.304671E-07	7.543405E-04	8.666316E-04
3.298519E+02	1.417071E+03	2.872150E-02	1.385596E-01	5.651758E-03	5.372619E-02	2.883044E-02	8.578697E-04	5.641984E-08	2.855175E-05	1.057779E-03	4.845052E-04	1.437745E-05	8.157240E-05	3.014628E-05	7.851775E-05	4.396098E-05	1.327813E-07	8.097655E-04	9.232893E-04
3.528436E+02	1.424918E+03	2.918475E-02	1.374063E-01	5.366506E-03	5.436595E-02	2.907807E-02	8.545653E-04	5.983298E-08	2.817690E-05	1.040778E-03	4.693595E-04	1.395395E-05	8.574146E-05	2.882537E-05	7.930773E-05	4.326970E-05	1.351382E-07	8.704121E-04	9.838413E-04
3.764325E+02	1.432585E+03	2.964800E-02	1.362700E-01	5.090760E-03	5.499245E-02	2.931172E-02	8.504322E-04	6.319624E-08	2.774940E-05	1.022211E-03	4.537642E-04	1.352239E-05	8.994389E-05	2.757036E-05	7.989541E-05	4.259321E-05	1.375128E-07	9.332352E-04	1.046016E-03
4.000215E+02	1.440252E+03	3.011125E-02	1.351336E-01	4.815014E-03	5.561895E-02	2.954537E-02	8.462992E-04	6.655949E-08	2.732190E-05	1.003643E-03	4.381690E-04	1.309083E-05	9.414631E-05	2.631535E-05	8.048309E-05	4.191671E-05	1.398875E-07	9.960582E-04	1.108191E-03
4.242077E+02	1.447632E+03	3.057450E-02	1.340268E-01	4.554382E-03	5.622307E-02	2.975557E-02	8.409687E-04	6.968867E-08	2.682276E-05	9.830312E-04	4.222686E-04	1.265439E-05	9.834786E-05	2.516324E-05	8.073565E-05	4.126686E-05	1.422962E-07	1.061863E-03	1.172376E-03
4.490922E+02	1.454677E+03	3.103775E-02	1.329546E-01	4.311418E-03	5.680101E-02	2.993837E-02	8.342387E-04	7.254422E-08	2.623990E-05	9.600304E-04	4.060115E-04	1.221225E-05	1.025484E-04	2.413139E-05	8.059648E-05	4.064814E-05	1.447446E-07	1.131153E-03	1.238911E-03
4.739768E+02	1.461722E+03	3.150100E-02	1.318823E-01	4.068455E-03	5.737895E-02	3.012117E-02	8.275086E-04	7.539977E-08	2.565703E-05	9.370296E-04	3.897543E-04	1.177012E-05	1.067489E-04	2.309954E-05	8.045731E-05	4.002943E-05	1.471931E-07	1.200443E-03	1.305445E-03
4.989231E+02	1.468664E+03	3.196425E-02	1.308217E-01	3.830903E-03	5.794833E-02	3.029513E-02	8.204032E-04	7.811992E-08	2.505443E-05	9.134873E-04	3.735228E-04	1.132891E-05	1.109298E-04	2.210288E-05	8.020126E-05	3.942078E-05	1.496565E-07	1.270580E-03	1.372468E-03
5.241750E+02	1.475094E+03	3.242750E-02	1.298187E-01	3.620081E-03	5.847541E-02	3.042543E-02	8.114434E-04	8.017136E-08	2.435436E-05	8.872710E-04	3.574175E-04	1.089229E-05	1.150136E-04	2.128002E-05	7.936793E-05	3.886188E-05	1.521939E-07	1.344898E-03	1.441907E-03
5.494269E+02	1.481524E+03	3.289075E-02	1.288157E-01	3.409258E-03	5.900249E-02	3.055574E-02	8.024836E-04	8.222280E-08	2.365429E-05	8.610547E-04	3.413122E-04	1.045567E-05	1.190974E-04	2.045716E-05	7.853461E-05	3.830298E-05	1.547312E-07	1.419217E-03	1.511345E-03
5.746787E+02	1.487954E+03	3.335400E-02	1.278126E-01	3.198436E-03	5.952957E-02	3.068604E-02	7.935239E-04	8.427424E-08	2.295422E-05	8.348384E-04	3.252069E-04	1.001905E-05	1.231812E-04	1.963430E-05	7.770128E-05	3.774408E-05	1.572685E-07	1.493535E-03	1.580784E-03
5.993769E+02	1.493888E+03	3.381725E-02	1.268708E-01	3.013347E-03	6.001296E-02	3.077216E-02	7.830855E-04	8.548844E-08	2.219418E-05	8.070729E-04	3.097925E-04	9.598606E-06	1.270795E-04	1.896773E-05	7.636499E-05	3.723423E-05	1.598946E-07	1.570557E-03	1.651314E-03
6.239726E+02	1.499731E+03	3.428050E-02	1.259404E-01	2.833024E-03	6.048825E-02	3.085010E-02	7.723734E-04	8.654758E-08	2.142302E-05	7.790206E-04	2.945061E-04	9.181153E-06	1.309435E-04	1.833011E-05	7.493555E-05	3.673346E-05	1.625372E-07	1.648080E-03	1.722048E-03
6.485683E+02	1.505573E+03	3.474375E-02	1.250099E-01	2.652702E-03	6.096355E-02	3.092804E-02	7.616613E-04	8.760672E-08	2.065186E-05	7.509683E-04	2.792197E-04	8.763699E-06	1.348075E-04	1.769249E-05	7.350611E-05	3.623268E-05	1.651798E-07	1.725603E-03	1.792781E-03
6.723420E+02	1.511140E+03	3.520700E-02	1.241166E-01	2.486532E-03	6.141299E-02	3.098052E-02	7.503350E-04	8.814273E-08	1.986822E-05	7.226720E-04	2.645817E-04	8.361038E-06	1.385190E-04	1.713354E-05	7.184829E-05	3.575919E-05	1.678842E-07	1.803725E-03	1.863363E-03
6.953066E+02	1.516436E+03	3.567025E-02	1.232599E-01	2.334295E-03	6.183699E-02	3.100794E-02	7.384041E-04	8.816376E-08	1.907228E-05	6.941355E-04	2.505821E-04	7.972937E-06	1.420802E-04	1.665203E-05	6.996564E-05	3.531255E-05	1.706496E-07	1.882437E-03	1.933797E-03
7.182711E+02	1.521733E+03	3.613350E-02	1.224033E-01	2.182059E-03	6.226099E-02	3.103536E-02	7.264733E-04	8.818478E-08	1.827635E-05	6.655990E-04	2.365825E-04	7.584837E-06	1.456414E-04	1.617052E-05	6.808299E-05	3.486591E-05	1.734149E-07	1.961148E-03	2.004231E-03
7.408312E+02	1.526948E+03	3.659675E-02	1.215587E-01	2.033997E-03	6.267678E-02	3.105494E-02	7.144288E-04	8.804835E-08	1.748294E-05	6.371763E-04	2.228400E-04	7.202666E-06	1.491428E-04	1.570981E-05	6.615195E-05	3.442737E-05	1.762037E-07	2.039725E-03	2.074380E-03
7.613558E+02	1.531753E+03	3.706000E-02	1.207750E-01	1.906941E-03	6.305125E-02	3.103508E-02	7.018127E-04	8.711962E-08	1.670229E-05	6.093261E-04	2.103914E-04	6.850331E-06	1.523427E-04	1.535375E-05	6.397741E-05	3.402961E-05	1.791103E-07	2.117625E-03	2.143089E-03
7.818804E+02	1.536558E+03	3.752325E-02	1.199914E-01	1.779885E-03	6.342573E-02	3.101523E-02	6.891966E-04	8.619088E-08	1.592163E-05	5.814759E-04	1.979427E-04	6.497996E-06	1.555426E-04	1.499769E-05	6.180288E-05	3.363184E-05	1.820170E-07	2.195526E-03	2.211799E-03
8.024050E+02	1.541363E+03	3.798650E-02	1.192077E-01	1.652829E-03	6.380020E-02	3.099538E-02	6.765805E-04	8.526215E-08	1.514098E-05	5.536256E-04	1.854941E-04	6.145662E-06	1.587425E-04	1.464163E-05	5.962834E-05	3.323408E-05	1.849237E-07	2.273426E-03	2.280509E-03
8.203806E+02	1.545803E+03	3.844975E-02	1.184837E-01	1.544428E-03	6.413517E-02	3.093912E-02	6.637963E-04	8.368473E-08	1.439877E-05	5.271159E-04	1.744335E-04	5.826079E-06	1.616080E-04	1.436693E-05	5.733851E-05	3.287278E-05	1.879659E-07	2.349110E-03	2.346782E-03
8.378906E+02	1.550177E+03	3.891300E-02	1.177706E-01	1.439434E-03	6.446292E-02	3.087621E-02	6.509814E-04	8.198884E-08	1.366359E-05	5.008509E-04	1.636263E-04	5.512478E-06	1.644125E-04	1.410708E-05	5.502762E-05	3.251814E-05	1.910330E-07	2.424390E-03	2.412611E-03
8.554007E+02	1.554551E+03	3.937625E-02	1.170574E-01	1.334439E-03	6.479067E-02	3.081331E-02	6.381665E-04	8.029296E-08	1.292841E-05	4.745860E-04	1.528191E-04	5.198876E-06	1.672170E-04	1.384723E-05	5.271673E-05	3.216350E-05	1.941001E-07	2.499670E-03	2.478439E-03
8.710523E+02	1.558718E+03	3.983950E-02	1.163814E-01	1.240027E-03	6.509431E-02	3.072903E-02	6.254681E-04	7.829478E-08	1.222943E-05	4.495415E-04	1.429069E-04	4.907008E-06	1.697939E-04	1.362662E-05	5.040365E-05	3.182971E-05	1.972676E-07	2.572653E-03	2.542192E-03
8.852332E+02	1.562722E+03	4.030275E-02	1.157348E-01	1.153988E-03	6.537888E-02	3.062785E-02	6.128620E-04	7.605740E-08	1.155910E-05	4.254627E-04	1.337029E-04	4.632338E-06	1.721908E-04	1.343706E-05	4.808883E-05	3.151242E-05	2.005147E-07	2.643819E-03	2.604302E-03
8.994142E+02	1.566726E+03	4.076601E-02	1.150882E-01	1.067948E-03	6.566345E-02	3.052667E-02	6.002559E-04	7.382002E-08	1.088877E-05	4.013838E-04	1.244990E-04	4.357667E-06	1.745876E-04	1.324750E-05	4.577401E-05	3.119512E-05	2.037618E-07	2.714985E-03	2.666412E-03
9.125117E+02	1.570631E+03	4.122926E-02	1.144611E-01	9.869909E-04	6.593559E-02	3.041490E-02	5.878159E-04	7.148205E-08	1.024212E-05	3.781022E-04	1.157655E-04	4.094785E-06	1.768570E-04	1.307335E-05	4.348997E-05	3.088794E-05	2.070724E-07	2.784490E-03	2.727178E-03
9.232761E+02	1.574324E+03	4.169251E-02	1.138761E-01	9.169761E-04	6.618097E-02	3.028036E-02	5.757334E-04	6.892746E-08	9.646431E-06	3.565372E-04	1.080449E-04	3.857290E-06	1.788516E-04	1.293240E-05	4.127219E-05	3.060254E-05	2.105195E-07	2.850419E-03	2.785048E-03
9.340405E+02	1.578018E+03	4.215575E-02	1.132910E-01	8.469613E-04	6.642634E-02	3.014581E-02	5.636508E-04	6.637288E-08	9.050745E-06	3.349722E-04	1.003243E-04	3.619794E-06	1.808463E-04	1.279145E-05	3.905441E-05	3.031713E-05	2.139666E-07	2.916348E-03	2.842918E-03
9.443610E+02	1.581677E+03	4.261900E-02	1.127135E-01	7.787312E-04	6.666704E-02	3.000745E-02	5.516678E-04	6.380182E-08	8.465333E-06	3.137569E-04	9.278004E-05	3.386866E-06	1.827897E-04	1.265468E-05	3.685870E-05	3.003532E-05	2.174432E-07	2.981478E-03	2.900190E-03
9.518002E+02	1.585114E+03	4.308225E-02	1.121846E-01	7.220850E-04	6.687739E-02	2.984432E-02	5.403304E-04	6.112387E-08	7.946603E-06	2.948116E-04	8.637998E-05	3.183582E-06	1.844000E-04	1.254508E-05	3.480630E-05	2.977683E-05	2.211108E-07	3.041421E-03	2.953574E-03
9.592393E+02	1.588551E+03	4.354551E-02	1.116557E-01	6.654388E-04	6.708775E-02	2.968119E-02	5.289929E-04	5.844592E-08	7.427872E-06	2.758663E-04	7.997992E-05	2.980299E-06	1.860102E-04	1.243548E-05	3.275389E-05	2.951834E-05	2.247783E-07	3.101364E-03	3.006959E-03
9.666264E+02	1.591985E+03	4.400876E-02	1.111276E-01	6.089771E-04	6.729758E-02	2.951765E-02	5.176703E-04	5.576841E-08	6.910380E-06	2.569639E-04	7.359897E-05	2.777528E-06	1.876145E-04	1.232619E-05	3.070491E-05	2.926022E-05	2.284499E-07	3.161200E-03	3.060268E-03
9.709536E+02	1.595214E+03	4.447200E-02	1.106490E-01	5.633644E-04	6.747706E-02	2.933036E-02	5.072154E-04	5.311721E-08	6.465789E-06	2.405819E-04	6.834184E-05	2.604886E-06	1.888665E-04	1.223482E-05	2.885718E-05	2.902424E-05	2.323584E-07	3.214746E-03	3.109144E-03
9.752807E+02	1.598443E+03	4.493525E-02	1.101704E-01	5.177518E-04	6.765654E-02	2.914306E-02	4.967605E-04	5.046601E-08	6.021197E-06	2.241998E-04	6.308471E-05	2.432244E-06	1.901185E-04	1.214344E-05	2.700945E-05	2.878825E-05	2.362670E-07	3.268292E-03	3.158020E-03
9.796078E+02	1.601673E+03	4.539850E-02	1.096918E-01	4.721392E-04	6.783602E-02	2.895577E-02	4.863057E-04	4.781481E-08	5.576605E-06	2.078178E-04	5.782757E-05	2.259601E-06	1.913705E-04	1.205206E-05	2.516173E-05	2.855226E-05	2.401756E-07	3.321837E-03	3.206896E-03
9.811780E+02	1.604741E+03	4.586175E-02	1.092566E-01	4.353208E-04	6.798931E-02	2.874882E-02	4.767760E-04	4.529192E-08	5.198480E-06	1.937743E-04	5.351431E-05	2.113157E-06	1.923030E-04	1.196912E-05	2.352914E-05	2.833446E-05	2.443395E-07	3.369027E-03	3.251516E-03
9.826751E+02	1.607805E+03	4.632500E-02	1.088226E-01	3.987357E-04	6.814191E-02	2.854134E-02	4.672709E-04	4.277243E-08	4.822118E-06	1.797927E-04	4.922608E-05	1.967407E-06	1.932270E-04	1.188640E-05	2.190226E-05	2.811714E-05	2.485102E-07	3.416048E-03	3.296024E-03
9.841436E+02	1.610867E+03	4.678825E-02	1.083890E-01	3.622342E-04	6.829424E-02	2.833367E-02	4.577768E-04	4.025519E-08	4.446449E-06	1.658360E-04	4.494708E-05	1.821923E-06	1.941477E-04	1.180371E-05	2.027788E-05	2.790000E-05	2.526842E-07	3.462996E-03	3.340484E-03
9.831245E+02	1.613801E+03	4.725150E-02	1.079941E-01	3.329841E-04	6.842365E-02	2.810950E-02	4.492343E-04	3.793264E-08	4.130883E-06	1.540315E-04	4.146770E-05	1.699425E-06	1.947755E-04	1.172302E-05	1.887118E-05	2.769808E-05	2.571383E-07	3.503585E-03	3.380872E-03
9.821053E+02	1.616735E+03	4.771475E-02	1.075992E-01	3.037339E-04	6.855307E-02	2.788533E-02	4.406918E-04	3.561009E-08	3.815317E-06	1.422270E-04	3.798832E-05	1.576928E-06	1.954034E-04	1.164234E-05	1.746447E-05	2.749615E-05	2.615924E-07	3.544173E-03	3.421260E-03
9.807947E+02	1.619656E+03	4.817800E-02	1.072088E-01	2.752682E-04	6.867986E-02	2.765935E-02	4.322730E-04	3.331807E-08	3.506756E-06	1.306775E-04	3.459730E-05	1.457062E-06	1.959961E-04	1.156134E-05	1.608535E-05	2.729590E-05	2.660870E-07	3.583944E-03	3.461143E-03
9.775735E+02	1.622490E+03	4.864125E-02	1.068479E-01	2.519436E-04	6.878949E-02	2.742147E-02	4.246657E-04	3.122613E-08	3.244101E-06	1.207997E-04	3.178540E-05	1.354444E-06	1.963591E-04	1.147836E-05	1.488699E-05	2.710661E-05	2.708464E-07	3.618353E-03	3.497724E-03
9.743523E+02	1.625324E+03	4.910450E-02	1.064870E-01	2.286189E-04	6.889911E-02	2.718358E-02	4.170583E-04	2.913419E-08	2.981447E-06	1.109218E-04	2.897349E-05	1.251825E-06	1.967220E-04	1.139537E-05	1.368864E-05	2.691733E-05	2.756058E-07	3.652761E-03	3.534304E-03
9.704850E+02	1.628132E+03	4.956775E-02	1.061361E-01	2.069131E-04	6.900305E-02	2.694190E-02	4.097501E-04	2.712421E-08	2.734167E-06	1.016124E-04	2.634711E-05	1.154932E-06	1.970050E-04	1.131073E-05	1.255481E-05	2.673154E-05	2.804766E-07	3.685191E-03	3.569708E-03
9.653618E+02	1.630891E+03	5.003100E-02	1.058045E-01	1.883537E-04	6.909593E-02	2.669283E-02	4.030234E-04	2.527354E-08	2.516771E-06	9.340787E-05	2.408133E-05	1.069167E-06	1.971325E-04	1.122284E-05	1.154642E-05	2.655256E-05	2.855637E-07	3.713777E-03	3.602824E-03
9.602385E+02	1.633650E+03	5.049425E-02	1.054730E-01	1.697944E-04	6.918880E-02	2.644375E-02	3.962967E-04	2.342287E-08	2.299375E-06	8.520333E-05	2.181555E-05	9.834024E-07	1.972599E-04	1.113496E-05	1.053803E-05	2.637358E-05	2.906508E-07	3.742362E-03	3.635940E-03
9.540815E+02	1.636373E+03	5.095750E-02	1.051574E-01	1.536585E-04	6.927275E-02	2.618891E-02	3.900837E-04	2.172224E-08	2.106240E-06	7.790770E-05	1.983163E-05	9.066532E-07	1.972550E-04	1.104311E-05	9.636602E-06	2.619993E-05	2.959604E-07	3.767517E-03	3.667078E-03
9.473297E+02	1.639077E+03	5.142075E-02	1.048510E-01	1.389169E-04	6.935156E-02	2.593076E-02	3.841661E-04	2.010795E-08	1.927064E-06	7.113496E-05	1.800987E-05	8.350906E-07	1.971739E-04	1.094898E-05	8.796703E-06	2.602933E-05	3.013981E-07	3.790699E-03	3.697077E-03
9.405528E+02	1.641780E+03	5.188400E-02	1.045450E-01	1.242307E-04	6.943016E-02	2.567247E-02	3.782619E-04	1.849769E-08	1.748468E-06	6.438423E-05	1.619463E-05	7.637446E-07	1.970895E-04	1.085473E-05	7.959463E-06	2.585886E-05	3.068426E-07	3.813790E-03	3.727026E-03
9.324168E+02	1.644446E+03	5.234725E-02	1.042600E-01	1.125388E-04	6.949727E-02	2.540698E-02	3.730733E-04	1.710528E-08	1.601261E-06	5.882229E-05	1.473222E-05	7.040983E-07	1.968237E-04	1.075389E-05	7.265862E-06	2.569505E-05	3.126542E-07	3.832014E-03	3.754243E-03
9.242808E+02	1.647111E+03	5.281050E-02	1.039751E-01	1.008469E-04	6.956437E-02	2.514149E-02	3.678848E-04	1.571287E-08	1.454055E-06	5.326035E-05	1.326980E-05	6.444520E-07	1.965579E-04	1.065306E-05	6.572260E-06	2.553124E-05	3.184658E-07	3.850237E-03	3.781461E-03
9.155715E+02	1.649765E+03	5.327375E-02	1.036990E-01	9.034448E-05	6.962675E-02	2.487310E-02	3.630122E-04	1.441938E-08	1.319846E-06	4.819478E-05	1.194925E-05	5.896841E-07	1.962119E-04	1.054900E-05	5.939798E-06	2.537011E-05	3.244723E-07	3.866253E-03	3.807470E-03
9.062643E+02	1.652406E+03	5.373700E-02	1.034322E-01	8.108236E-05	6.968419E-02	2.460170E-02	3.584693E-04	1.322906E-08	1.199192E-06	4.364685E-05	1.077663E-05	5.400035E-07	1.957823E-04	1.044157E-05	5.371093E-06	2.521177E-05	3.306821E-07	3.879965E-03	3.832220E-03
8.969098E+02	1.655046E+03	5.420026E-02	1.031661E-01	7.191291E-05	6.974126E-02	2.433007E-02	3.539533E-04	1.204737E-08	1.079591E-06	3.913933E-05	9.615192E-06	4.907218E-07	1.953457E-04	1.033384E-05	4.807434E-06	2.505364E-05	3.369122E-07	3.893482E-03	3.856865E-03
8.866158E+02	1.657674E+03	5.466350E-02	1.029147E-01	6.458296E-05	6.979079E-02	2.405392E-02	3.499740E-04	1.103716E-08	9.808763E-07	3.543409E-05	8.675732E-06	4.493589E-07	1.947704E-04	1.022028E-05	4.343943E-06	2.489967E-05	3.435449E-07	3.903115E-03	3.879432E-03
8.763217E+02	1.660301E+03	5.512675E-02	1.026633E-01	5.725301E-05	6.984033E-02	2.377777E-02	3.459946E-04	1.002695E-08	8.821620E-07	3.172886E-05	7.736272E-06	4.079960E-07	1.941951E-04	1.010672E-05	3.880453E-06	2.474571E-05	3.501777E-07	3.912748E-03	3.901998E-03
8.654535E+02	1.662925E+03	5.559000E-02	1.024208E-01	5.098456E-05	6.988543E-02	2.349898E-02	3.423510E-04	9.126006E-09	7.959445E-07	2.850517E-05	6.926398E-06	3.714304E-07	1.935296E-04	9.989366E-06	3.477632E-06	2.459415E-05	3.571208E-07	3.919836E-03	3.923229E-03
8.543299E+02	1.665548E+03	5.605325E-02	1.021823E-01	4.518835E-05	6.992856E-02	2.321903E-02	3.388569E-04	8.273678E-09	7.152866E-07	2.549571E-05	6.174175E-06	3.369990E-07	1.928239E-04	9.870332E-06	3.101803E-06	2.444366E-05	3.642021E-07	3.925792E-03	3.943866E-03
8.429138E+02	1.668172E+03	5.651651E-02	1.019483E-01	3.990310E-05	6.996954E-02	2.293779E-02	3.355361E-04	7.478793E-09	6.408567E-07	2.272642E-05	5.485065E-06	3.049930E-07	1.920689E-04	9.749312E-06	2.756395E-06	2.429433E-05	3.714829E-07	3.930358E-03	3.963785E-03
8.310942E+02	1.670798E+03	5.697975E-02	1.017207E-01	3.532278E-05	7.000755E-02	2.265480E-02	3.324544E-04	6.763156E-09	5.750191E-07	2.028846E-05	4.883026E-06	2.763333E-07	1.912457E-04	9.625552E-06	2.452956E-06	2.414658E-05	3.790389E-07	3.933005E-03	3.982716E-03
8.191404E+02	1.673426E+03	5.744300E-02	1.014952E-01	3.096424E-05	7.004463E-02	2.237124E-02	3.294526E-04	6.074512E-09	5.119778E-07	1.795816E-05	4.308712E-06	2.487801E-07	1.903980E-04	9.500879E-06	2.163186E-06	2.399931E-05	3.867106E-07	3.934967E-03	4.001299E-03
8.067379E+02	1.676060E+03	5.790625E-02	1.012766E-01	2.734670E-05	7.007860E-02	2.208582E-02	3.267172E-04	5.476056E-09	4.582791E-07	1.598752E-05	3.827025E-06	2.249239E-07	1.894683E-04	9.373152E-06	1.919086E-06	2.385368E-05	3.947685E-07	3.934636E-03	4.018718E-03
7.942768E+02	1.678695E+03	5.836950E-02	1.010589E-01	2.382074E-05	7.011220E-02	2.180017E-02	3.240162E-04	4.889585E-09	4.057741E-07	1.406268E-05	3.356929E-06	2.015483E-07	1.885269E-04	9.245035E-06	1.680800E-06	2.370824E-05	4.028900E-07	3.933982E-03	4.035975E-03
7.813870E+02	1.681343E+03	5.883275E-02	1.008480E-01	2.096478E-05	7.014306E-02	2.151281E-02	3.215673E-04	4.390798E-09	3.620024E-07	1.247277E-05	2.971622E-06	1.816885E-07	1.874995E-04	9.114062E-06	1.485038E-06	2.356422E-05	4.114776E-07	3.930967E-03	4.052048E-03
7.684617E+02	1.683993E+03	5.929600E-02	1.006376E-01	1.816157E-05	7.017371E-02	2.122532E-02	3.191388E-04	3.899394E-09	3.189413E-07	1.090996E-05	2.593076E-06	1.621201E-07	1.864643E-04	8.982862E-06	1.292709E-06	2.342030E-05	4.201141E-07	3.927738E-03	4.068015E-03
7.551652E+02	1.686658E+03	5.975925E-02	1.004329E-01	1.590764E-05	7.020222E-02	2.093642E-02	3.169234E-04	3.484864E-09	2.832797E-07	9.629278E-06	2.284923E-06	1.455856E-07	1.853468E-04	8.849301E-06	1.136127E-06	2.327746E-05	4.292600E-07	3.922290E-03	4.082882E-03
7.418247E+02	1.689326E+03	6.022249E-02	1.002290E-01	1.371553E-05	7.023052E-02	2.064736E-02	3.147324E-04	3.079546E-09	2.484785E-07	8.381163E-06	1.984797E-06	1.294108E-07	1.842183E-04	8.715479E-06	9.836541E-07	2.313472E-05	4.384823E-07	3.916555E-03	4.097608E-03
7.281900E+02	1.692012E+03	6.068575E-02	1.000296E-01	1.193714E-05	7.025734E-02	2.035724E-02	3.127040E-04	2.735874E-09	2.194363E-07	7.350970E-06	1.738383E-06	1.156429E-07	1.830166E-04	8.579912E-06	8.586862E-07	2.299269E-05	4.482160E-07	3.908897E-03	4.111389E-03
7.144865E+02	1.694704E+03	6.114900E-02	9.983137E-02	1.025072E-05	7.028388E-02	2.006688E-02	3.107114E-04	2.406740E-09	1.917168E-07	6.370369E-06	1.504067E-06	1.024390E-07	1.817956E-04	8.443975E-06	7.399448E-07	2.285079E-05	4.581012E-07	3.900743E-03	4.124927E-03
7.005710E+02	1.697414E+03	6.161225E-02	9.963643E-02	8.847799E-06	7.030955E-02	1.977578E-02	3.088291E-04	2.122416E-09	1.680746E-07	5.542642E-06	1.307047E-06	9.097349E-08	1.805147E-04	8.306901E-06	6.403976E-07	2.270927E-05	4.684530E-07	3.891061E-03	4.137719E-03
6.865560E+02	1.700135E+03	6.207550E-02	9.944307E-02	7.572281E-06	7.033493E-02	1.948435E-02	3.069945E-04	1.859388E-09	1.463252E-07	4.785140E-06	1.127014E-06	8.033181E-08	1.792016E-04	8.169362E-06	5.496110E-07	2.256785E-05	4.790840E-07	3.880578E-03	4.150121E-03
6.724090E+02	1.702871E+03	6.253876E-02	9.925179E-02	6.465686E-06	7.035993E-02	1.919248E-02	3.052230E-04	1.624596E-09	1.270856E-07	4.120748E-06	9.695043E-07	7.078250E-08	1.778457E-04	8.031205E-06	4.704401E-07	2.242657E-05	4.900851E-07	3.869031E-03	4.162005E-03
6.581325E+02	1.705625E+03	6.300201E-02	9.906261E-02	5.518670E-06	7.038471E-02	1.890019E-02	3.035063E-04	1.417939E-09	1.102952E-07	3.546158E-06	8.335636E-07	6.232203E-08	1.764407E-04	7.892549E-06	4.023892E-07	2.228531E-05	5.015509E-07	3.856303E-03	4.173314E-03
6.437957E+02	1.708389E+03	6.346525E-02	9.887441E-02	4.645916E-06	7.040939E-02	1.860771E-02	3.018151E-04	1.224376E-09	9.464452E-08	3.013359E-06	7.076604E-07	5.436830E-08	1.750128E-04	7.753661E-06	3.395133E-07	2.214406E-05	5.132330E-07	3.843024E-03	4.184356E-03
6.293052E+02	1.711182E+03	6.392850E-02	9.868876E-02	3.957544E-06	7.043411E-02	1.831474E-02	3.001778E-04	1.065023E-09	8.191667E-08	2.586369E-06	6.070231E-07	4.774255E-08	1.735158E-04	7.614326E-06	2.896322E-07	2.200264E-05	5.256288E-07	3.828126E-03	4.194608E-03
6.147680E+02	1.713987E+03	6.439175E-02	9.850392E-02	3.324507E-06	7.045894E-02	1.802162E-02	2.985524E-04	9.164521E-10	7.009463E-08	2.191729E-06	5.140736E-07	4.153762E-08	1.719932E-04	7.474907E-06	2.436886E-07	2.186107E-05	5.383090E-07	3.812645E-03	4.204575E-03
6.001546E+02	1.716811E+03	6.485500E-02	9.832042E-02	2.781561E-06	7.048395E-02	1.772826E-02	2.969465E-04	7.854368E-10	5.974734E-08	1.849757E-06	4.336407E-07	3.601785E-08	1.704291E-04	7.335350E-06	2.041560E-07	2.171929E-05	5.514521E-07	3.796216E-03	4.214077E-03
5.854624E+02	1.719662E+03	6.531825E-02	9.813838E-02	2.332784E-06	7.050939E-02	1.743465E-02	2.953504E-04	6.736595E-10	5.099158E-08	1.563820E-06	3.664727E-07	3.125449E-08	1.688112E-04	7.195759E-06	1.713795E-07	2.157709E-05	5.652371E-07	3.778592E-03	4.222990E-03
5.707300E+02	1.722529E+03	6.578150E-02	9.795716E-02	1.933429E-06	7.053515E-02	1.714090E-02	2.937550E-04	5.722546E-10	4.308682E-08	1.307584E-06	3.063228E-07	2.690122E-08	1.671612E-04	7.056192E-06	1.421632E-07	2.143459E-05	5.794229E-07	3.760262E-03	4.231553E-03
5.559485E+02	1.725419E+03	6.624475E-02	9.777697E-02	1.595594E-06	7.056140E-02	1.684699E-02	2.921565E-04	4.840044E-10	3.625522E-08	1.088580E-06	2.549586E-07	2.306998E-08	1.654677E-04	6.916691E-06	1.173912E-07	2.129165E-05	5.941640E-07	3.740983E-03	4.239642E-03
5.411217E+02	1.728338E+03	6.670800E-02	9.759790E-02	1.320063E-06	7.058842E-02	1.655291E-02	2.905417E-04	4.096771E-10	3.054504E-08	9.078946E-07	2.126144E-07	1.979727E-08	1.637191E-04	6.777361E-06	9.714645E-08	2.114803E-05	6.096503E-07	3.720527E-03	4.247138E-03
5.262723E+02	1.731279E+03	6.717125E-02	9.741953E-02	1.080598E-06	7.061603E-02	1.625874E-02	2.889098E-04	3.436735E-10	2.549933E-08	7.496514E-07	1.755448E-07	1.686160E-08	1.619328E-04	6.638187E-06	7.953171E-08	2.100388E-05	6.256721E-07	3.699271E-03	4.254225E-03
5.114033E+02	1.734243E+03	6.763450E-02	9.724186E-02	8.765096E-07	7.064434E-02	1.596447E-02	2.872563E-04	2.859822E-10	2.111399E-08	6.135649E-07	1.436790E-07	1.426435E-08	1.601058E-04	6.499200E-06	6.450174E-08	2.085912E-05	6.422848E-07	3.677157E-03	4.260872E-03
4.965199E+02	1.737238E+03	6.809775E-02	9.706501E-02	7.105159E-07	7.067362E-02	1.567009E-02	2.855676E-04	2.375513E-10	1.745781E-08	5.016314E-07	1.174785E-07	1.204831E-08	1.582262E-04	6.360489E-06	5.226416E-08	2.071350E-05	6.596934E-07	3.653943E-03	4.266949E-03
4.816344E+02	1.740265E+03	6.856101E-02	9.688886E-02	5.741982E-07	7.070395E-02	1.537563E-02	2.838366E-04	1.966298E-10	1.438700E-08	4.087850E-07	9.574982E-08	1.014601E-08	1.562951E-04	6.222080E-06	4.220876E-08	2.056695E-05	6.779203E-07	3.629663E-03	4.272461E-03
4.667553E+02	1.743319E+03	6.902426E-02	9.671327E-02	4.598288E-07	7.073527E-02	1.508112E-02	2.820635E-04	1.614299E-10	1.175901E-08	3.302045E-07	7.736126E-08	8.485655E-09	1.543186E-04	6.083951E-06	3.377033E-08	2.041949E-05	6.968987E-07	3.604445E-03	4.277469E-03
4.518900E+02	1.746403E+03	6.948750E-02	9.653823E-02	3.651816E-07	7.076767E-02	1.478655E-02	2.802420E-04	1.315085E-10	9.537024E-09	2.645622E-07	6.200059E-08	7.051078E-09	1.522943E-04	5.946125E-06	2.678693E-08	2.027104E-05	7.166956E-07	3.578239E-03	4.281940E-03
4.370470E+02	1.749519E+03	6.995075E-02	9.636373E-02	2.877525E-07	7.080126E-02	1.449193E-02	2.783654E-04	1.063359E-10	7.677814E-09	2.103356E-07	4.931031E-08	5.822412E-09	1.502199E-04	5.808620E-06	2.107553E-08	2.012146E-05	7.373817E-07	3.551000E-03	4.285840E-03
4.222357E+02	1.752670E+03	7.041400E-02	9.618975E-02	2.250361E-07	7.083615E-02	1.419726E-02	2.764268E-04	8.535293E-11	6.136415E-09	1.659734E-07	3.892682E-08	4.778264E-09	1.480932E-04	5.671450E-06	1.645219E-08	1.997065E-05	7.590310E-07	3.522683E-03	4.289134E-03
4.074663E+02	1.755855E+03	7.087725E-02	9.601626E-02	1.746829E-07	7.087243E-02	1.390258E-02	2.744197E-04	6.800898E-11	4.869106E-09	1.299963E-07	3.050384E-08	3.897169E-09	1.459123E-04	5.534623E-06	1.274380E-08	1.981847E-05	7.817209E-07	3.493244E-03	4.291786E-03
3.927486E+02	1.759079E+03	7.134050E-02	9.584325E-02	1.345769E-07	7.091023E-02	1.360785E-02	2.723374E-04	5.378399E-11	3.835093E-09	1.010504E-07	2.372473E-08	3.158461E-09	1.436754E-04	5.398139E-06	9.793965E-09	1.966480E-05	8.055326E-07	3.462638E-03	4.293758E-03
3.780939E+02	1.762343E+03	7.180375E-02	9.567071E-02	1.028708E-07	7.094962E-02	1.331310E-02	2.701735E-04	4.220323E-11	2.997538E-09	7.793548E-08	1.830896E-08	2.542926E-09	1.413807E-04	5.261999E-06	7.465851E-09	1.950949E-05	8.305488E-07	3.430827E-03	4.295009E-03
3.635125E+02	1.765648E+03	7.226700E-02	9.549865E-02	7.798074E-08	7.099070E-02	1.301833E-02	2.679221E-04	3.284143E-11	2.323773E-09	5.960699E-08	1.401254E-08	2.032986E-09	1.390267E-04	5.126192E-06	5.641954E-09	1.935240E-05	8.568574E-07	3.397764E-03	4.295501E-03
3.490156E+02	1.768996E+03	7.273025E-02	9.532706E-02	5.857626E-08	7.103358E-02	1.272355E-02	2.655773E-04	2.532606E-11	1.785450E-09	4.517483E-08	1.062756E-08	1.612930E-09	1.366120E-04	4.990710E-06	4.223445E-09	1.919341E-05	8.845471E-07	3.363412E-03	4.295188E-03
3.346137E+02	1.772388E+03	7.319350E-02	9.515593E-02	4.355159E-08	7.107832E-02	1.242875E-02	2.631338E-04	1.933450E-11	1.358235E-09	3.388890E-08	7.978836E-09	1.268847E-09	1.341356E-04	4.855538E-06	3.128160E-09	1.903234E-05	9.137104E-07	3.327728E-03	4.294029E-03
3.203178E+02	1.775826E+03	7.365676E-02	9.498529E-02	3.199909E-08	7.112502E-02	1.213394E-02	2.605864E-04	1.459111E-11	1.021513E-09	2.512512E-08	5.920608E-09	9.885792E-10	1.315961E-04	4.720657E-06	2.288652E-09	1.886907E-05	9.444424E-07	3.290675E-03	4.291977E-03
3.061383E+02	1.779312E+03	7.412001E-02	9.481515E-02	2.318116E-08	7.117374E-02	1.183913E-02	2.579305E-04	1.086299E-11	7.580077E-10	1.836965E-08	4.332825E-09	7.616149E-10	1.289929E-04	4.586053E-06	1.650138E-09	1.870343E-05	9.768398E-07	3.252212E-03	4.288987E-03
2.920858E+02	1.782846E+03	7.458325E-02	9.464550E-02	1.650291E-08	7.122457E-02	1.154431E-02	2.551615E-04	7.954794E-12	5.533495E-10	1.320275E-08	3.117395E-09	5.789238E-10	1.263252E-04	4.451706E-06	1.168482E-09	1.853529E-05	1.011001E-06	3.212307E-03	4.285011E-03
2.781916E+02	1.786437E+03	7.504651E-02	9.447646E-02	1.167692E-08	7.127790E-02	1.124949E-02	2.522575E-04	5.780780E-12	4.011702E-10	9.427461E-09	2.228402E-09	4.372363E-10	1.235827E-04	4.317630E-06	8.221366E-10	1.836405E-05	1.047323E-06	3.170699E-03	4.279844E-03
2.644565E+02	1.790084E+03	7.550975E-02	9.430801E-02	8.126195E-09	7.133362E-02	1.095466E-02	2.492241E-04	4.129128E-12	2.862293E-10	6.621783E-09	1.567053E-09	3.258290E-10	1.207707E-04	4.183786E-06	5.685468E-10	1.818977E-05	1.085766E-06	3.127478E-03	4.273515E-03
2.508919E+02	1.793787E+03	7.597300E-02	9.414018E-02	5.528112E-09	7.139180E-02	1.065982E-02	2.460570E-04	2.882019E-12	1.999167E-10	4.548609E-09	1.077838E-09	2.386393E-10	1.178890E-04	4.050151E-06	3.838407E-10	1.801226E-05	1.126456E-06	3.082610E-03	4.265968E-03
2.375369E+02	1.797553E+03	7.643624E-02	9.397308E-02	3.728506E-09	7.145287E-02	1.036499E-02	2.427328E-04	2.013288E-12	1.383200E-10	3.096458E-09	7.347098E-10	1.732667E-10	1.149276E-04	3.916738E-06	2.560952E-10	1.783083E-05	1.169874E-06	3.035817E-03	4.256958E-03
2.243879E+02	1.801382E+03	7.689950E-02	9.380670E-02	2.449599E-09	7.151668E-02	1.007015E-02	2.392592E-04	1.244336E-12	9.336722E-11	2.054292E-09	4.881432E-10	1.233094E-10	1.118931E-04	3.783510E-06	1.661240E-10	1.764555E-05	1.215974E-06	2.987208E-03	4.246526E-03
2.114749E+02	1.805277E+03	7.736275E-02	9.364113E-02	1.573396E-09	7.158347E-02	9.775321E-03	2.356228E-04	8.508420E-13	6.165879E-11	1.332631E-09	3.171546E-10	8.617889E-11	1.087809E-04	3.650474E-06	1.062211E-10	1.745594E-05	1.265092E-06	2.936634E-03	4.234507E-03
1.987956E+02	1.809246E+03	7.782600E-02	9.347649E-02	9.945768E-10	7.165359E-02	9.480480E-03	2.318056E-04	6.118076E-13	4.005816E-11	8.505782E-10	2.027535E-10	5.938115E-11	1.055860E-04	3.517635E-06	6.430926E-11	1.726134E-05	1.317696E-06	2.883891E-03	4.220676E-03
1.863808E+02	1.813286E+03	7.828925E-02	9.331281E-02	6.108308E-10	7.172700E-02	9.185642E-03	2.278086E-04	2.803658E-13	2.531072E-11	5.276214E-10	1.259839E-10	3.999590E-11	1.023116E-04	3.384985E-06	3.471199E-11	1.706158E-05	1.373913E-06	2.829002E-03	4.204991E-03
1.742335E+02	1.817403E+03	7.875250E-02	9.315020E-02	3.640040E-10	7.180393E-02	8.890801E-03	2.236204E-04	1.076077E-13	1.553058E-11	3.176427E-10	7.597893E-11	2.630154E-11	9.895576E-05	3.252530E-06	2.255176E-11	1.685609E-05	1.434142E-06	2.771843E-03	4.187277E-03
1.624786E+02	1.821600E+03	7.921575E-02	9.298874E-02	2.093096E-10	7.188455E-02	8.595963E-03	2.192316E-04	3.956023E-14	9.208820E-12	1.846149E-10	4.423678E-11	1.682711E-11	9.551750E-05	3.120336E-06	2.013909E-11	1.664425E-05	1.498789E-06	2.712311E-03	4.167369E-03
1.510613E+02	1.825879E+03	7.967900E-02	9.282856E-02	1.153620E-10	7.196904E-02	8.301124E-03	2.146322E-04	1.871157E-14	5.245249E-12	1.029196E-10	2.470750E-11	1.042869E-11	9.199619E-05	2.988535E-06	1.308064E-11	1.642537E-05	1.568307E-06	2.650299E-03	4.145092E-03
1.399531E+02	1.830249E+03	8.014225E-02	9.266979E-02	6.134885E-11	7.205774E-02	8.006285E-03	2.098048E-04	1.891604E-14	2.885233E-12	5.535529E-11	1.333020E-11	6.285479E-12	8.838785E-05	2.855612E-06	4.634469E-12	1.619913E-05	1.643423E-06	2.585592E-03	4.120212E-03
1.293104E+02	1.834706E+03	8.060550E-02	9.251255E-02	3.056698E-11	7.215064E-02	7.711444E-03	2.047504E-04	7.569478E-15	1.492536E-12	2.792711E-11	6.752213E-12	3.617071E-12	8.470038E-05	2.722823E-06	1.536423E-12	1.596483E-05	1.724396E-06	2.518239E-03	4.092564E-03
1.188583E+02	1.839260E+03	8.106875E-02	9.235717E-02	1.462484E-11	7.224824E-02	7.416607E-03	1.994440E-04	9.043191E-15	7.398695E-13	1.353685E-11	3.277769E-12	2.011020E-12	8.093698E-05	2.591641E-06	6.114172E-13	1.572092E-05	1.812177E-06	2.447999E-03	4.061574E-03
1.088210E+02	1.843910E+03	8.153200E-02	9.220373E-02	6.651766E-12	7.235063E-02	7.121767E-03	1.938816E-04	1.001831E-14	3.482026E-13	6.240480E-12	1.511496E-12	1.072448E-12	7.709874E-05	2.461028E-06	4.333425E-13	1.546674E-05	1.907431E-06	2.374818E-03	4.027129E-03
9.922939E+01	1.848662E+03	8.199525E-02	9.205242E-02	2.871295E-12	7.245803E-02	6.826927E-03	1.880536E-04	6.653595E-15	1.554119E-13	2.731995E-12	6.614369E-13	5.478135E-13	7.318887E-05	2.330920E-06	6.151341E-13	1.520112E-05	2.011075E-06	2.298598E-03	3.988935E-03
9.010154E+01	1.853517E+03	8.245850E-02	9.190343E-02	1.165773E-12	7.257057E-02	6.532088E-03	1.819542E-04	4.258581E-15	6.525733E-14	1.126433E-12	2.723409E-13	2.663758E-13	6.921410E-05	2.201435E-06	9.050812E-13	1.492289E-05	2.124017E-06	2.219293E-03	3.946694E-03
8.145673E+01	1.858474E+03	8.292175E-02	9.175700E-02	4.423404E-13	7.268844E-02	6.237249E-03	1.755772E-04	2.147197E-15	2.562798E-14	4.349737E-13	1.048518E-13	1.227452E-13	6.518255E-05	2.072737E-06	5.673301E-13	1.463067E-05	2.247372E-06	2.136856E-03	3.900050E-03
7.330805E+01	1.863534E+03	8.338500E-02	9.161335E-02	1.551843E-13	7.281174E-02	5.942407E-03	1.689199E-04	8.591464E-16	9.317640E-15	1.558120E-13	3.735137E-14	5.318051E-14	6.110475E-05	1.945013E-06	2.341370E-13	1.432305E-05	2.382326E-06	2.051285E-03	3.848648E-03
6.567181E+01	1.868699E+03	8.384825E-02	9.147277E-02	5.040650E-14	7.294065E-02	5.647566E-03	1.619791E-04	2.913991E-16	3.139074E-15	5.189990E-14	1.232592E-14	2.165420E-14	5.699319E-05	1.818498E-06	7.908310E-14	1.399822E-05	2.530388E-06	1.962576E-03	3.792051E-03
5.855030E+01	1.873963E+03	8.431150E-02	9.133550E-02	1.487736E-14	7.307514E-02	5.352730E-03	1.547605E-04	8.671073E-17	9.624148E-16	1.581431E-14	3.699254E-15	8.176424E-15	5.286353E-05	1.693425E-06	2.347815E-14	1.365452E-05	2.693007E-06	1.870828E-03	3.729896E-03
5.194547E+01	1.879324E+03	8.477475E-02	9.120183E-02	3.948365E-15	7.321524E-02	5.057888E-03	1.472703E-04	2.298244E-17	2.657325E-16	4.375733E-15	9.992269E-16	2.840613E-15	4.873346E-05	1.570004E-06	6.250148E-15	1.328993E-05	2.871971E-06	1.776155E-03	3.661752E-03
4.585292E+01	1.884777E+03	8.523800E-02	9.107202E-02	9.328234E-16	7.336089E-02	4.763047E-03	1.395207E-04	5.413104E-18	6.540796E-17	1.093353E-15	2.404946E-16	9.010603E-16	4.462348E-05	1.448404E-06	1.482197E-15	1.290230E-05	3.069279E-06	1.678736E-03	3.587183E-03
4.025887E+01	1.890313E+03	8.570125E-02	9.094635E-02	1.923243E-16	7.351194E-02	4.468207E-03	1.315296E-04	1.110134E-18	1.407546E-17	2.436301E-16	5.057205E-17	2.572995E-16	4.055626E-05	1.329214E-06	2.577514E-16	1.248934E-05	3.287106E-06	1.578822E-03	3.505776E-03
3.514599E+01	1.895925E+03	8.616450E-02	9.082510E-02	3.406801E-17	7.366820E-02	4.173370E-03	1.233197E-04	1.949839E-19	2.607264E-18	4.813638E-17	9.148446E-18	6.531949E-17	3.655630E-05	1.213145E-06	2.694882E-17	1.204849E-05	3.527964E-06	1.476721E-03	3.417092E-03
3.048952E+01	1.901603E+03	8.662775E-02	9.070853E-02	5.061152E-18	7.382944E-02	3.878528E-03	1.149188E-04	2.866216E-20	4.059395E-19	8.351364E-18	1.390039E-18	1.447510E-17	3.264902E-05	1.100350E-06	2.118378E-18	1.157703E-05	3.794696E-06	1.372792E-03	3.320695E-03
2.626020E+01	1.907334E+03	8.709100E-02	9.059691E-02	6.120080E-19	7.399537E-02	3.583689E-03	1.063591E-04	3.396161E-21	5.157802E-20	1.258381E-18	1.722147E-19	2.736187E-18	2.886036E-05	9.911801E-07	2.613277E-19	1.107203E-05	4.090573E-06	1.267451E-03	3.216128E-03
2.242530E+01	1.913109E+03	8.755425E-02	9.049050E-02	5.833109E-20	7.416573E-02	3.288850E-03	9.767517E-05	1.747987E-22	5.181407E-21	1.627176E-19	1.685186E-20	4.294243E-19	2.521555E-05	8.883451E-07	2.301757E-20	1.053009E-05	4.419480E-06	1.161131E-03	3.102876E-03
1.894986E+01	1.918917E+03	8.801750E-02	9.038963E-02	4.182601E-21	7.434029E-02	2.994009E-03	8.890325E-05	8.966714E-23	3.925855E-22	1.753611E-20	1.243349E-21	5.366751E-20	2.173801E-05	7.850418E-07	4.590722E-21	9.947889E-06	4.786035E-06	1.054280E-03	2.980364E-03
1.580305E+01	1.924750E+03	8.848076E-02	9.029466E-02	2.106330E-22	7.451896E-02	2.699167E-03	8.007850E-05	7.023723E-25	2.096047E-23	1.494573E-21	6.457541E-23	5.044310E-21	1.844915E-05	6.886165E-07	8.181109E-23	9.320888E-06	5.196080E-06	9.473276E-04	2.847829E-03
1.294873E+01	1.930602E+03	8.894400E-02	9.020608E-02	7.083738E-24	7.470182E-02	2.404331E-03	7.123339E-05	3.683459E-26	7.500397E-25	9.340179E-23	2.245829E-24	3.305582E-22	1.536811E-05	5.972363E-07	8.294030E-24	8.644139E-06	5.657026E-06	8.406724E-04	2.704250E-03
1.038499E+01	1.936473E+03	8.940725E-02	9.012452E-02	1.375020E-25	7.488917E-02	2.109490E-03	6.239680E-05	9.832262E-28	1.558816E-26	3.712129E-24	4.529089E-26	1.322329E-23	1.250846E-05	5.095964E-07	5.294921E-26	7.912038E-06	6.178795E-06	7.346320E-04	2.548327E-03
8.075239E+00	1.942369E+03	8.987050E-02	9.005098E-02	1.226038E-27	7.508181E-02	1.814648E-03	5.358976E-05	1.352777E-29	1.495264E-28	7.693443E-26	4.211040E-28	2.666582E-25	9.885139E-06	4.269145E-07	4.643941E-27	7.116961E-06	6.775242E-06	6.294763E-04	2.377947E-03
6.018507E+00	1.948304E+03	9.033374E-02	8.998696E-02	3.764565E-30	7.528112E-02	1.519810E-03	4.482782E-05	6.538837E-32	4.978481E-31	6.033245E-28	1.355620E-30	1.967131E-27	7.509222E-06	3.471223E-07	8.906918E-30	6.249901E-06	7.466756E-06	5.253710E-04	2.190084E-03
4.213720E+00	1.954307E+03	9.079700E-02	8.993476E-02	2.547745E-33	7.548950E-02	1.224971E-03	3.611798E-05	9.130718E-36	3.684439E-34	1.003579E-30	9.676551E-34	2.962364E-30	5.392551E-06	2.721481E-07	2.245531E-32	5.299127E-06	8.285476E-06	4.223886E-04	1.979886E-03
2.675190E+00	1.960430E+03	9.126025E-02	8.989840E-02	1.258429E-37	7.571118E-02	9.301313E-04	2.745885E-05	4.292182E-40	2.011821E-38	9.682572E-35	5.077773E-38	2.448069E-34	3.549455E-06	2.019095E-07	1.986750E-36	4.249636E-06	9.287095E-06	3.204910E-04	1.739141E-03
1.422194E+00	1.966780E+03	9.172350E-02	8.988556E-02	3.984735E-44	7.595452E-02	6.352899E-04	1.883706E-05	4.237344E-47	7.118569E-45	2.188366E-41	1.717765E-44	4.296390E-41	2.002593E-06	1.349755E-07	5.875135E-43	3.081350E-06	1.058433E-05	2.195009E-04	1.451936E-03
5.000019E-01	1.973620E+03	9.218675E-02	8.991504E-02	2.530642E-56	7.624022E-02	3.404511E-04	1.021635E-05	1.313185E-58	5.035710E-57	6.432293E-56	1.152258E-56	6.734332E-56	7.942913E-07	7.132673E-08	1.311394E-56	1.766117E-06	1.248150E-05	1.189493E-04	1.079096E-03
0.000000E+00	1.983000E+03	9.265000E-02	8.980000E-02	0.000000E+00	7.650000E-02	0.000000E+00	0.000000E+00	0.000000E+00	0.000000E+00	0.000000E+00	0.000000E+00	0.000000E+00	0.000000E+00	0.000000E+00	0.000000E+00	0.000000E+00	1.700000E-05	0.000000E+00	0.000000E+00

