0.000000E+00	1.540000E-02
2.000000E-03	1.539379E-02
4.000000E-03	1.537621E-02
6.000000E-03	1.535866E-02
8.000000E-03	1.534113E-02
1.000000E-02	1.532364E-02
1.200000E-02	1.530619E-02
1.400000E-02	1.528879E-02
1.600000E-02	1.527143E-02
1.800000E-02	1.525413E-02
2.000000E-02	1.523688E-02
2.200000E-02	1.521968E-02
2.400000E-02	1.520255E-02
2.600000E-02	1.518548E-02
2.800000E-02	1.516848E-02
3.000000E-02	1.515154E-02
3.200000E-02	1.513467E-02
3.400000E-02	1.511786E-02
3.600000E-02	1.510115E-02
3.800000E-02	1.508452E-02
4.000000E-02	1.506793E-02
4.200000E-02	1.505147E-02
4.400000E-02	1.503507E-02
4.600000E-02	1.501876E-02
4.800000E-02	1.500255E-02
5.000000E-02	1.498641E-02
5.200000E-02	1.497039E-02
5.400000E-02	1.495445E-02
5.600000E-02	1.493864E-02
5.800000E-02	1.492292E-02
6.000000E-02	1.490729E-02
6.200000E-02	1.489185E-02
6.400000E-02	1.487640E-02
6.600000E-02	1.486124E-02
6.800000E-02	1.484611E-02
7.000000E-02	1.483111E-02
7.200000E-02	1.481635E-02
7.400000E-02	1.480159E-02
7.600000E-02	1.478713E-02
7.800000E-02	1.477283E-02
8.000000E-02	1.475854E-02
8.200000E-02	1.474465E-02
8.400000E-02	1.473092E-02
8.600000E-02	1.471719E-02
8.800000E-02	1.470388E-02
9.000000E-02	1.469085E-02
9.200000E-02	1.467782E-02
9.400000E-02	1.466506E-02
9.600000E-02	1.465291E-02
9.800000E-02	1.464076E-02
1.000000E-01	1.462861E-02
1.020000E-01	1.461735E-02
1.040000E-01	1.460632E-02
1.060000E-01	1.459529E-02
1.080000E-01	1.458434E-02
1.100000E-01	1.457472E-02
1.120000E-01	1.456509E-02
1.140000E-01	1.455546E-02
1.160000E-01	1.454602E-02
1.180000E-01	1.453816E-02
1.200000E-01	1.453031E-02
1.220000E-01	1.452245E-02
1.240000E-01	1.451460E-02
1.260000E-01	1.450884E-02
1.280000E-01	1.450327E-02
1.300000E-01	1.449770E-02
1.320000E-01	1.449214E-02
1.340000E-01	1.448800E-02
1.360000E-01	1.448536E-02
1.380000E-01	1.448272E-02
1.400000E-01	1.448009E-02
1.420000E-01	1.447745E-02
1.440000E-01	1.447785E-02
1.460000E-01	1.447893E-02
1.480000E-01	1.448002E-02
1.500000E-01	1.448111E-02
1.520000E-01	1.448220E-02
1.540000E-01	1.448750E-02
1.560000E-01	1.449334E-02
1.580000E-01	1.449917E-02
1.600000E-01	1.450501E-02
1.620000E-01	1.451084E-02
1.640000E-01	1.452093E-02
1.660000E-01	1.453282E-02
1.680000E-01	1.454471E-02
1.700000E-01	1.455660E-02
1.720000E-01	1.456848E-02
1.740000E-01	1.458231E-02
1.760000E-01	1.460193E-02
1.780000E-01	1.462155E-02
1.800000E-01	1.464117E-02
1.820000E-01	1.466078E-02
1.840000E-01	1.468040E-02
1.860000E-01	1.470527E-02
1.880000E-01	1.473479E-02
1.900000E-01	1.476431E-02
1.920000E-01	1.479382E-02
1.940000E-01	1.482334E-02
1.960000E-01	1.485286E-02
1.980000E-01	1.488925E-02
2.000000E-01	1.493153E-02
2.020000E-01	1.497381E-02
2.040000E-01	1.501610E-02
2.060000E-01	1.505838E-02
2.080000E-01	1.510066E-02
2.100000E-01	1.514748E-02
2.120000E-01	1.520635E-02
2.140000E-01	1.526522E-02
2.160000E-01	1.532408E-02
2.180000E-01	1.538295E-02
2.200000E-01	1.544182E-02
2.220000E-01	1.550069E-02
2.240000E-01	1.557564E-02
2.260000E-01	1.565637E-02
2.280000E-01	1.573710E-02
2.300000E-01	1.581783E-02
2.320000E-01	1.589856E-02
2.340000E-01	1.597929E-02
2.360000E-01	1.606002E-02
2.380000E-01	1.616799E-02
2.400000E-01	1.627805E-02
2.420000E-01	1.638810E-02
2.440000E-01	1.649816E-02
2.460000E-01	1.660821E-02
2.480000E-01	1.671827E-02
2.500000E-01	1.682832E-02
2.520000E-01	1.697307E-02
2.540000E-01	1.712342E-02
2.560000E-01	1.727377E-02
2.580000E-01	1.742413E-02
2.600000E-01	1.757448E-02
2.620000E-01	1.772483E-02
2.640000E-01	1.787518E-02
2.660000E-01	1.805655E-02
2.680000E-01	1.826413E-02
2.700000E-01	1.847170E-02
2.720000E-01	1.867928E-02
2.740000E-01	1.888686E-02
2.760000E-01	1.909444E-02
2.780000E-01	1.930201E-02
2.800000E-01	1.950959E-02
2.820000E-01	1.980098E-02
2.840000E-01	2.009335E-02
2.860000E-01	2.038572E-02
2.880000E-01	2.067808E-02
2.900000E-01	2.097045E-02
2.920000E-01	2.126281E-02
2.940000E-01	2.155518E-02
2.960000E-01	2.187695E-02
2.980000E-01	2.230268E-02
3.000000E-01	2.272841E-02
3.020000E-01	2.315414E-02
3.040000E-01	2.357987E-02
3.060000E-01	2.400560E-02
3.080000E-01	2.443133E-02
3.100000E-01	2.485706E-02
3.120000E-01	2.534307E-02
3.140000E-01	2.599673E-02
3.160000E-01	2.665039E-02
3.180000E-01	2.730405E-02
3.200000E-01	2.795770E-02
3.220000E-01	2.861136E-02
3.240000E-01	2.926502E-02
3.260000E-01	2.991868E-02
3.280000E-01	3.063935E-02
3.300000E-01	3.173245E-02
3.320000E-01	3.282556E-02
3.340000E-01	3.391866E-02
3.360000E-01	3.501177E-02
3.380000E-01	3.610487E-02
3.400000E-01	3.719798E-02
3.420000E-01	3.829108E-02
3.440000E-01	3.938418E-02
3.460000E-01	4.142490E-02
3.480000E-01	4.354690E-02
3.500000E-01	4.566889E-02
3.520000E-01	4.779089E-02
3.540000E-01	4.991289E-02
3.560000E-01	5.203489E-02
3.580000E-01	5.415688E-02
3.600000E-01	5.627888E-02
3.620000E-01	6.054576E-02
3.640000E-01	6.618685E-02
3.660000E-01	7.182794E-02
3.680000E-01	7.746903E-02
3.700000E-01	8.311012E-02
3.720000E-01	8.875121E-02
3.740000E-01	9.439230E-02
3.760000E-01	1.000334E-01
3.780000E-01	1.178877E-01
3.800000E-01	1.705029E-01
3.820000E-01	2.231180E-01
3.840000E-01	2.757331E-01
3.860000E-01	3.283482E-01
3.880000E-01	3.809633E-01
3.900000E-01	4.335785E-01
3.920000E-01	4.861936E-01
3.940000E-01	5.388087E-01
3.960000E-01	5.033299E-01
3.980000E-01	4.596149E-01
4.000000E-01	4.159000E-01
4.020000E-01	3.721850E-01
4.040000E-01	3.284700E-01
4.060000E-01	2.847550E-01
4.080000E-01	2.410400E-01
4.100000E-01	1.973250E-01
4.120000E-01	1.729993E-01
4.140000E-01	1.608630E-01
4.160000E-01	1.487266E-01
4.180000E-01	1.365903E-01
4.200000E-01	1.244540E-01
4.220000E-01	1.123177E-01
4.240000E-01	1.001813E-01
4.260000E-01	8.804501E-02
4.280000E-01	7.939253E-02
4.300000E-01	7.606492E-02
4.320000E-01	7.273731E-02
4.340000E-01	6.940970E-02
4.360000E-01	6.608210E-02
4.380000E-01	6.275449E-02
4.400000E-01	5.942688E-02
4.420000E-01	5.609927E-02
4.440000E-01	5.329275E-02
4.460000E-01	5.174362E-02
4.480000E-01	5.019448E-02
4.500000E-01	4.864534E-02
4.520000E-01	4.709620E-02
4.540000E-01	4.554707E-02
4.560000E-01	4.399793E-02
4.580000E-01	4.244879E-02
4.600000E-01	4.111902E-02
4.620000E-01	4.022767E-02
4.640000E-01	3.933632E-02
4.660000E-01	3.844496E-02
4.680000E-01	3.755361E-02
4.700000E-01	3.666226E-02
4.720000E-01	3.577090E-02
4.740000E-01	3.487955E-02
4.760000E-01	3.415919E-02
4.780000E-01	3.358333E-02
4.800000E-01	3.300746E-02
4.820000E-01	3.243159E-02
4.840000E-01	3.185573E-02
4.860000E-01	3.127986E-02
4.880000E-01	3.070400E-02
4.900000E-01	3.012813E-02
4.920000E-01	2.971642E-02
4.940000E-01	2.931602E-02
4.960000E-01	2.891562E-02
4.980000E-01	2.851522E-02
5.000000E-01	2.811482E-02
5.020000E-01	2.771443E-02
5.040000E-01	2.731403E-02
5.060000E-01	2.697049E-02
5.080000E-01	2.667767E-02
5.100000E-01	2.638485E-02
5.120000E-01	2.609203E-02
5.140000E-01	2.579921E-02
5.160000E-01	2.550639E-02
5.180000E-01	2.521358E-02
5.200000E-01	2.494415E-02
5.220000E-01	2.472200E-02
5.240000E-01	2.449986E-02
5.260000E-01	2.427771E-02
5.280000E-01	2.405557E-02
5.300000E-01	2.383342E-02
5.320000E-01	2.361128E-02
5.340000E-01	2.340622E-02
5.360000E-01	2.323297E-02
5.380000E-01	2.305972E-02
5.400000E-01	2.288647E-02
5.420000E-01	2.271321E-02
5.440000E-01	2.253996E-02
5.460000E-01	2.236671E-02
5.480000E-01	2.221411E-02
5.500000E-01	2.207605E-02
5.520000E-01	2.193798E-02
5.540000E-01	2.179991E-02
5.560000E-01	2.166184E-02
5.580000E-01	2.152378E-02
5.600000E-01	2.138690E-02
5.620000E-01	2.127500E-02
5.640000E-01	2.116310E-02
5.660000E-01	2.105120E-02
5.680000E-01	2.093930E-02
5.700000E-01	2.082740E-02
5.720000E-01	2.071550E-02
5.740000E-01	2.061808E-02
5.760000E-01	2.052618E-02
5.780000E-01	2.043427E-02
5.800000E-01	2.034236E-02
5.820000E-01	2.025046E-02
5.840000E-01	2.015855E-02
5.860000E-01	2.007634E-02
5.880000E-01	2.000006E-02
5.900000E-01	1.992378E-02
5.920000E-01	1.984750E-02
5.940000E-01	1.977123E-02
5.960000E-01	1.969495E-02
5.980000E-01	1.962778E-02
6.000000E-01	1.956398E-02
6.020000E-01	1.950018E-02
6.040000E-01	1.943638E-02
6.060000E-01	1.937258E-02
6.080000E-01	1.930929E-02
6.100000E-01	1.925562E-02
6.120000E-01	1.920196E-02
6.140000E-01	1.914829E-02
6.160000E-01	1.909463E-02
6.180000E-01	1.904096E-02
6.200000E-01	1.899214E-02
6.220000E-01	1.894687E-02
6.240000E-01	1.890161E-02
6.260000E-01	1.885634E-02
6.280000E-01	1.881107E-02
6.300000E-01	1.876793E-02
6.320000E-01	1.872973E-02
6.340000E-01	1.869154E-02
6.360000E-01	1.865334E-02
6.380000E-01	1.861514E-02
6.400000E-01	1.857827E-02
6.420000E-01	1.854613E-02
6.440000E-01	1.851399E-02
6.460000E-01	1.848185E-02
6.480000E-01	1.844971E-02
6.500000E-01	1.841929E-02
6.520000E-01	1.839242E-02
6.540000E-01	1.836555E-02
6.560000E-01	1.833869E-02
6.580000E-01	1.831182E-02
6.600000E-01	1.828782E-02
6.620000E-01	1.826563E-02
6.640000E-01	1.824344E-02
6.660000E-01	1.822125E-02
6.680000E-01	1.819938E-02
6.700000E-01	1.818141E-02
6.720000E-01	1.816344E-02
6.740000E-01	1.814547E-02
6.760000E-01	1.812750E-02
6.780000E-01	1.811227E-02
6.800000E-01	1.809817E-02
6.820000E-01	1.808406E-02
6.840000E-01	1.806996E-02
6.860000E-01	1.805767E-02
6.880000E-01	1.804718E-02
6.900000E-01	1.803669E-02
6.920000E-01	1.802619E-02
6.940000E-01	1.801725E-02
6.960000E-01	1.801018E-02
6.980000E-01	1.800310E-02
7.000000E-01	1.799603E-02
7.020000E-01	1.799078E-02
7.040000E-01	1.798700E-02
7.060000E-01	1.798321E-02
7.080000E-01	1.797943E-02
7.100000E-01	1.797821E-02
7.120000E-01	1.797763E-02
7.140000E-01	1.797706E-02
7.160000E-01	1.797707E-02
7.180000E-01	1.797966E-02
7.200000E-01	1.798225E-02
7.220000E-01	1.798484E-02
7.240000E-01	1.798863E-02
7.260000E-01	1.799292E-02
7.280000E-01	1.799722E-02
7.300000E-01	1.800000E-02
7.320000E-01	1.800000E-02
7.340000E-01	1.800000E-02
7.360000E-01	1.800000E-02
7.380000E-01	1.800000E-02
7.400000E-01	1.800000E-02
7.420000E-01	1.800000E-02
7.440000E-01	1.800000E-02
7.460000E-01	1.800000E-02
7.480000E-01	1.800000E-02
7.500000E-01	1.800000E-02
7.520000E-01	1.800000E-02
7.540000E-01	1.800000E-02
7.560000E-01	1.800000E-02
7.580000E-01	1.800000E-02
7.600000E-01	1.800000E-02
7.620000E-01	1.800000E-02
7.640000E-01	1.800000E-02
7.660000E-01	1.800000E-02
7.680000E-01	1.800000E-02
7.700000E-01	1.800000E-02
7.720000E-01	1.800000E-02
7.740000E-01	1.800000E-02
7.760000E-01	1.800000E-02
7.780000E-01	1.800000E-02
7.800000E-01	1.800000E-02
7.820000E-01	1.800000E-02
7.840000E-01	1.800000E-02
7.860000E-01	1.800000E-02
7.880000E-01	1.800000E-02
7.900000E-01	1.800000E-02
7.920000E-01	1.800000E-02
7.940000E-01	1.800000E-02
7.960000E-01	1.800000E-02
7.980000E-01	1.800000E-02
8.000000E-01	1.800000E-02
8.020000E-01	1.800000E-02
8.040000E-01	1.800000E-02
8.060000E-01	1.800000E-02
8.080000E-01	1.800000E-02
8.100000E-01	1.800000E-02
8.120000E-01	1.800000E-02
8.140000E-01	1.800000E-02
8.160000E-01	1.800000E-02
8.180000E-01	1.800000E-02
8.200000E-01	1.800000E-02
8.220000E-01	1.800000E-02
8.240000E-01	1.800000E-02
8.260000E-01	1.800000E-02
8.280000E-01	1.800000E-02
8.300000E-01	1.800000E-02
8.320000E-01	1.800000E-02
8.340000E-01	1.800000E-02
8.360000E-01	1.800000E-02
8.380000E-01	1.800000E-02
8.400000E-01	1.800000E-02
8.420000E-01	1.800000E-02
8.440000E-01	1.800000E-02
8.460000E-01	1.800000E-02
8.480000E-01	1.800000E-02
8.500000E-01	1.800000E-02
8.520000E-01	1.800000E-02
8.540000E-01	1.800000E-02
8.560000E-01	1.800000E-02
8.580000E-01	1.800000E-02
8.600000E-01	1.800000E-02
8.620000E-01	1.800000E-02
8.640000E-01	1.800000E-02
8.660000E-01	1.800000E-02
8.680000E-01	1.800000E-02
8.700000E-01	1.800000E-02
8.720000E-01	1.800000E-02
8.740000E-01	1.800000E-02
8.760000E-01	1.800000E-02
8.780000E-01	1.800000E-02
8.800000E-01	1.800000E-02
8.820000E-01	1.800000E-02
8.840000E-01	1.800000E-02
8.860000E-01	1.800000E-02
8.880000E-01	1.800000E-02
8.900000E-01	1.800000E-02
8.920000E-01	1.800000E-02
8.940000E-01	1.800000E-02
8.960000E-01	1.800000E-02
8.980000E-01	1.800000E-02
9.000000E-01	1.800000E-02
9.020000E-01	1.800000E-02
9.040000E-01	1.800000E-02
9.060000E-01	1.800000E-02
9.080000E-01	1.800000E-02
9.100000E-01	1.800000E-02
9.120000E-01	1.800000E-02
9.140000E-01	1.800000E-02
9.160000E-01	1.800000E-02
9.180000E-01	1.800000E-02
9.200000E-01	1.800000E-02
9.220000E-01	1.800000E-02
9.240000E-01	1.800000E-02
9.260000E-01	1.800000E-02
9.280000E-01	1.800000E-02
9.300000E-01	1.800000E-02
9.320000E-01	1.800000E-02
9.340000E-01	1.800000E-02
9.360000E-01	1.800000E-02
9.380000E-01	1.800000E-02
9.400000E-01	1.800000E-02
9.420000E-01	1.800000E-02
9.440000E-01	1.800000E-02
9.460000E-01	1.800000E-02
9.480000E-01	1.800000E-02
9.500000E-01	1.800000E-02
9.520000E-01	1.800000E-02
9.540000E-01	1.800000E-02
9.560000E-01	1.800000E-02
9.580000E-01	1.800000E-02
9.600000E-01	1.800000E-02
9.620000E-01	1.800000E-02
9.640000E-01	1.800000E-02
9.660000E-01	1.800000E-02
9.680000E-01	1.800000E-02
9.700000E-01	1.800000E-02
9.720000E-01	1.800000E-02
9.740000E-01	1.800000E-02
9.760000E-01	1.800000E-02
9.780000E-01	1.800000E-02
9.800000E-01	1.800000E-02
9.820000E-01	1.800000E-02
9.840000E-01	1.800000E-02
9.860000E-01	1.800000E-02
9.880000E-01	1.800000E-02
9.900000E-01	1.800000E-02
9.920000E-01	1.800000E-02
9.940000E-01	1.800000E-02
9.960000E-01	1.800000E-02
9.980000E-01	1.800000E-02
1.001000E+00	1.800000E-02
