
1273
(
(0.00203054687062 0.00203054687062 0)
(0.00206831755294 0.00180717193138 0)
(0.00210168429521 0.00158300693489 0)
(0.00213063221852 0.00135815001105 0)
(0.00215514843083 0.00113269953193 0)
(0.00217522202447 0.000906754083898 0)
(0.00219084407503 0.000680412436114 0)
(0.00220200764107 0.000453773506424 0)
(0.00220870776416 0.000226936325536 0)
(0.0022109414691 0 0)
(0.00220870776416 -0.000226936325536 0)
(0.00220200764107 -0.000453773506424 0)
(0.00219084407503 -0.000680412436114 0)
(0.00217522202447 -0.000906754083898 0)
(0.00215514843083 -0.00113269953193 0)
(0.00213063221852 -0.00135815001105 0)
(0.00210168429521 -0.00158300693489 0)
(0.00206831755294 -0.00180717193138 0)
(0.00203054687062 -0.00203054687062 0)
(0.00180717193138 0.00206831755294 0)
(0.00184074576922 0.00184074576922 0)
(0.00187040499044 0.00161238398185 0)
(0.0018961363771 0.0013833303017 0)
(0.00191792847483 0.00115368308807 0)
(0.00193577159138 0.000923540918868 0)
(0.00194965779623 0.000693002557732 0)
(0.00195958092066 0.000462166919045 0)
(0.00196553655808 0.000231133031385 0)
(0.00196752206436 0 0)
(0.00196553655808 -0.000231133031385 0)
(0.00195958092066 -0.000462166919045 0)
(0.00194965779623 -0.000693002557732 0)
(0.00193577159138 -0.000923540918868 0)
(0.00191792847483 -0.00115368308807 0)
(0.0018961363771 -0.0013833303017 0)
(0.00187040499044 -0.00161238398185 0)
(0.00184074576922 -0.00184074576922 0)
(0.00180717193138 -0.00206831755294 0)
(0.00158300693489 0.00210168429521 0)
(0.00161238398185 0.00187040499044 0)
(0.00163833573422 0.00163833573422 0)
(0.00166085063243 0.00140557462047 0)
(0.00167991865803 0.0011722199967 0)
(0.00169553133316 0.000938370432691 0)
(0.0017076817205 0.000704124686529 0)
(0.00171636442368 0.000469581668802 0)
(0.00172157558773 0.000234840405502 0)
(0.00172331289944 2.34290763159e-21 0)
(0.00172157558773 -0.000234840405502 0)
(0.00171636442368 -0.000469581668802 0)
(0.0017076817205 -0.000704124686529 0)
(0.00169553133316 -0.000938370432691 0)
(0.00167991865803 -0.0011722199967 0)
(0.00166085063243 -0.00140557462047 0)
(0.00163833573422 -0.00163833573422 0)
(0.00161238398185 -0.00187040499044 0)
(0.00158300693489 -0.00210168429521 0)
(0.00135815001105 0.00213063221852 0)
(0.0013833303017 0.0018961363771 0)
(0.00140557462047 0.00166085063243 0)
(0.00142487306368 0.00142487306368 0)
(0.00144121704722 0.0011883020079 0)
(0.00145459930652 0.000951236027491 0)
(0.0014650138968 0.000713773875275 0)
(0.00147245619361 0.000476014458108 0)
(0.00147692289328 0.000238056799257 0)
(0.00147841201345 0 0)
(0.00147692289328 -0.000238056799257 0)
(0.00147245619361 -0.000476014458108 0)
(0.0014650138968 -0.000713773875275 0)
(0.00145459930652 -0.000951236027491 0)
(0.00144121704722 -0.0011883020079 0)
(0.00142487306368 -0.00142487306368 0)
(0.00140557462047 -0.00166085063243 0)
(0.0013833303017 -0.0018961363771 0)
(0.00135815001105 -0.00213063221852 0)
(0.00113269953193 0.00215514843083 0)
(0.00115368308807 0.00191792847483 0)
(0.0011722199967 0.00167991865803 0)
(0.0011883020079 0.00144121704722 0)
(0.0012019219705 0.0012019219705 0)
(0.00121307383222 0.000962131983778 0)
(0.00122175264018 0.000721945835209 0)
(0.00122795454139 0.000481462428189 0)
(0.00123167678327 0.000240780783385 0)
(0.0012329177141 0 0)
(0.00123167678327 -0.000240780783385 0)
(0.00122795454139 -0.000481462428189 0)
(0.00122175264018 -0.000721945835209 0)
(0.00121307383222 -0.000962131983778 0)
(0.0012019219705 -0.0012019219705 0)
(0.0011883020079 -0.00144121704722 0)
(0.0011722199967 -0.00167991865803 0)
(0.00115368308807 -0.00191792847483 0)
(0.00113269953193 -0.00215514843083 0)
(0.000906754083898 0.00217522202447 0)
(0.000923540918868 0.00193577159138 0)
(0.000938370432691 0.00169553133316 0)
(0.000951236027491 0.00145459930652 0)
(0.000962131983778 0.00121307383222 0)
(0.000971053460781 0.00097105346078 0)
(0.000977996496901 0.00072863693635 0)
(0.000982958010235 0.000485923159345 0)
(0.000985935799044 0.000243011148122 0)
(0.000986928542123 4.49832714627e-21 0)
(0.000985935799044 -0.000243011148122 0)
(0.000982958010235 -0.000485923159345 0)
(0.000977996496901 -0.00072863693635 0)
(0.00097105346078 -0.00097105346078 0)
(0.000962131983778 -0.00121307383222 0)
(0.000951236027491 -0.00145459930652 0)
(0.000938370432691 -0.00169553133316 0)
(0.000923540918868 -0.00193577159138 0)
(0.000906754083898 -0.00217522202447 0)
(0.000680412436114 0.00219084407503 0)
(0.000693002557732 0.00194965779623 0)
(0.000704124686529 0.0017076817205 0)
(0.000713773875275 0.0014650138968 0)
(0.000721945835209 0.00122175264018 0)
(0.00072863693635 0.000977996496901 0)
(0.000733844207929 0.000733844207929 0)
(0.000737565338809 0.000489394671268 0)
(0.000739798677872 0.000244746903375 0)
(0.000740543234322 0 0)
(0.000739798677872 -0.000244746903375 0)
(0.000737565338809 -0.000489394671268 0)
(0.000733844207929 -0.000733844207929 0)
(0.00072863693635 -0.000977996496901 0)
(0.000721945835209 -0.00122175264018 0)
(0.000713773875275 -0.0014650138968 0)
(0.000704124686529 -0.0017076817205 0)
(0.000693002557732 -0.00194965779623 0)
(0.000680412436114 -0.00219084407503 0)
(0.000453773506424 0.00220200764107 0)
(0.000462166919045 0.00195958092066 0)
(0.000469581668802 0.00171636442368 0)
(0.000476014458108 0.00147245619361 0)
(0.000481462428189 0.00122795454139 0)
(0.000485923159345 0.000982958010235 0)
(0.000489394671268 0.000737565338809 0)
(0.000491875423338 0.000491875423338 0)
(0.000493364314903 0.000245987278878 0)
(0.000493860685484 -4.43322816611e-21 0)
(0.000493364314903 -0.000245987278878 0)
(0.000491875423338 -0.000491875423338 0)
(0.000489394671268 -0.000737565338809 0)
(0.000485923159345 -0.000982958010235 0)
(0.000481462428189 -0.00122795454139 0)
(0.000476014458108 -0.00147245619361 0)
(0.000469581668802 -0.00171636442368 0)
(0.000462166919045 -0.00195958092066 0)
(0.000453773506424 -0.00220200764107 0)
(0.000226936325536 0.00220870776416 0)
(0.000231133031385 0.00196553655808 0)
(0.000234840405502 0.00172157558773 0)
(0.000238056799257 0.00147692289328 0)
(0.000240780783385 0.00123167678327 0)
(0.000243011148122 0.000985935799044 0)
(0.000244746903375 0.000739798677872 0)
(0.000245987278878 0.000493364314903 0)
(0.000246731724331 0.000246731724331 0)
(0.000246979909509 0 0)
(0.000246731724331 -0.000246731724331 0)
(0.000245987278878 -0.000493364314903 0)
(0.000244746903375 -0.000739798677872 0)
(0.000243011148122 -0.000985935799044 0)
(0.000240780783385 -0.00123167678327 0)
(0.000238056799257 -0.00147692289328 0)
(0.000234840405502 -0.00172157558773 0)
(0.000231133031385 -0.00196553655808 0)
(0.000226936325536 -0.00220870776416 0)
(2.79581966363e-22 0.0022109414691 0)
(0 0.00196752206436 0)
(-2.34290763159e-21 0.00172331289944 0)
(0 0.00147841201345 0)
(-2.80891941591e-22 0.0012329177141 0)
(-4.77951946431e-21 0.000986928542123 0)
(-5.62972006526e-22 0.000740543234322 0)
(3.86967859929e-21 0.000493860685484 0)
(0 0.000246979909509 0)
(0 0 0)
(0 -0.000246979909509 0)
(-4.99905586229e-21 -0.000493860685484 0)
(-5.6640525648e-22 -0.000740543234322 0)
(4.21483083281e-21 -0.000986928542123 0)
(-2.83796689912e-22 -0.0012329177141 0)
(0 -0.00147841201345 0)
(2.34290763159e-21 -0.00172331289944 0)
(0 -0.00196752206436 0)
(2.8510666514e-22 -0.0022109414691 0)
(-0.000226936325536 0.00220870776416 0)
(-0.000231133031385 0.00196553655808 0)
(-0.000234840405502 0.00172157558773 0)
(-0.000238056799257 0.00147692289328 0)
(-0.000240780783385 0.00123167678327 0)
(-0.000243011148122 0.000985935799044 0)
(-0.000244746903375 0.000739798677872 0)
(-0.000245987278878 0.000493364314903 0)
(-0.000246731724331 0.000246731724331 0)
(-0.000246979909509 0 0)
(-0.000246731724331 -0.000246731724331 0)
(-0.000245987278878 -0.000493364314903 0)
(-0.000244746903375 -0.000739798677872 0)
(-0.000243011148122 -0.000985935799044 0)
(-0.000240780783385 -0.00123167678327 0)
(-0.000238056799257 -0.00147692289328 0)
(-0.000234840405502 -0.00172157558773 0)
(-0.000231133031385 -0.00196553655808 0)
(-0.000226936325536 -0.00220870776416 0)
(-0.000453773506424 0.00220200764107 0)
(-0.000462166919045 0.00195958092066 0)
(-0.000469581668802 0.00171636442368 0)
(-0.000476014458108 0.00147245619361 0)
(-0.000481462428189 0.00122795454139 0)
(-0.000485923159345 0.000982958010235 0)
(-0.000489394671268 0.000737565338809 0)
(-0.000491875423338 0.000491875423338 0)
(-0.000493364314903 0.000245987278878 0)
(-0.000493860685484 4.43322816611e-21 0)
(-0.000493364314903 -0.000245987278878 0)
(-0.000491875423338 -0.000491875423338 0)
(-0.000489394671268 -0.000737565338809 0)
(-0.000485923159345 -0.000982958010235 0)
(-0.000481462428189 -0.00122795454139 0)
(-0.000476014458108 -0.00147245619361 0)
(-0.000469581668802 -0.00171636442368 0)
(-0.000462166919045 -0.00195958092066 0)
(-0.000453773506424 -0.00220200764107 0)
(-0.000680412436114 0.00219084407503 0)
(-0.000693002557732 0.00194965779623 0)
(-0.000704124686529 0.0017076817205 0)
(-0.000713773875275 0.0014650138968 0)
(-0.000721945835209 0.00122175264018 0)
(-0.00072863693635 0.000977996496901 0)
(-0.000733844207929 0.000733844207929 0)
(-0.000737565338809 0.000489394671268 0)
(-0.000739798677872 0.000244746903375 0)
(-0.000740543234322 0 0)
(-0.000739798677872 -0.000244746903375 0)
(-0.000737565338809 -0.000489394671268 0)
(-0.000733844207929 -0.000733844207929 0)
(-0.00072863693635 -0.000977996496901 0)
(-0.000721945835209 -0.00122175264018 0)
(-0.000713773875275 -0.0014650138968 0)
(-0.000704124686529 -0.0017076817205 0)
(-0.000693002557732 -0.00194965779623 0)
(-0.000680412436114 -0.00219084407503 0)
(-0.000906754083898 0.00217522202447 0)
(-0.000923540918868 0.00193577159138 0)
(-0.000938370432691 0.00169553133316 0)
(-0.000951236027491 0.00145459930652 0)
(-0.000962131983778 0.00121307383222 0)
(-0.00097105346078 0.00097105346078 0)
(-0.000977996496901 0.00072863693635 0)
(-0.000982958010235 0.000485923159345 0)
(-0.000985935799044 0.000243011148122 0)
(-0.000986928542123 -4.49832714627e-21 0)
(-0.000985935799044 -0.000243011148122 0)
(-0.000982958010235 -0.000485923159345 0)
(-0.000977996496901 -0.00072863693635 0)
(-0.00097105346078 -0.00097105346078 0)
(-0.000962131983778 -0.00121307383222 0)
(-0.000951236027491 -0.00145459930652 0)
(-0.000938370432691 -0.00169553133316 0)
(-0.000923540918868 -0.00193577159138 0)
(-0.000906754083898 -0.00217522202447 0)
(-0.00113269953193 0.00215514843083 0)
(-0.00115368308807 0.00191792847483 0)
(-0.0011722199967 0.00167991865803 0)
(-0.0011883020079 0.00144121704722 0)
(-0.0012019219705 0.0012019219705 0)
(-0.00121307383222 0.000962131983778 0)
(-0.00122175264018 0.000721945835209 0)
(-0.00122795454139 0.000481462428189 0)
(-0.00123167678327 0.000240780783385 0)
(-0.0012329177141 0 0)
(-0.00123167678327 -0.000240780783385 0)
(-0.00122795454139 -0.000481462428189 0)
(-0.00122175264018 -0.000721945835209 0)
(-0.00121307383222 -0.000962131983778 0)
(-0.0012019219705 -0.0012019219705 0)
(-0.0011883020079 -0.00144121704722 0)
(-0.0011722199967 -0.00167991865803 0)
(-0.00115368308807 -0.00191792847483 0)
(-0.00113269953193 -0.00215514843083 0)
(-0.00135815001105 0.00213063221852 0)
(-0.0013833303017 0.0018961363771 0)
(-0.00140557462047 0.00166085063243 0)
(-0.00142487306367 0.00142487306367 0)
(-0.00144121704722 0.0011883020079 0)
(-0.00145459930652 0.000951236027491 0)
(-0.0014650138968 0.000713773875275 0)
(-0.00147245619361 0.000476014458108 0)
(-0.00147692289328 0.000238056799257 0)
(-0.00147841201345 0 0)
(-0.00147692289328 -0.000238056799257 0)
(-0.00147245619361 -0.000476014458108 0)
(-0.0014650138968 -0.000713773875275 0)
(-0.00145459930652 -0.000951236027491 0)
(-0.00144121704722 -0.0011883020079 0)
(-0.00142487306367 -0.00142487306368 0)
(-0.00140557462047 -0.00166085063243 0)
(-0.0013833303017 -0.0018961363771 0)
(-0.00135815001105 -0.00213063221852 0)
(-0.00158300693489 0.00210168429521 0)
(-0.00161238398185 0.00187040499044 0)
(-0.00163833573422 0.00163833573422 0)
(-0.00166085063243 0.00140557462047 0)
(-0.00167991865803 0.0011722199967 0)
(-0.00169553133316 0.000938370432691 0)
(-0.0017076817205 0.000704124686529 0)
(-0.00171636442368 0.000469581668802 0)
(-0.00172157558773 0.000234840405502 0)
(-0.00172331289944 -2.34290763159e-21 0)
(-0.00172157558773 -0.000234840405502 0)
(-0.00171636442368 -0.000469581668802 0)
(-0.0017076817205 -0.000704124686529 0)
(-0.00169553133316 -0.000938370432691 0)
(-0.00167991865803 -0.0011722199967 0)
(-0.00166085063243 -0.00140557462047 0)
(-0.00163833573422 -0.00163833573422 0)
(-0.00161238398185 -0.00187040499044 0)
(-0.00158300693489 -0.00210168429521 0)
(-0.00180717193138 0.00206831755294 0)
(-0.00184074576922 0.00184074576922 0)
(-0.00187040499044 0.00161238398185 0)
(-0.0018961363771 0.0013833303017 0)
(-0.00191792847483 0.00115368308807 0)
(-0.00193577159138 0.000923540918868 0)
(-0.00194965779623 0.000693002557732 0)
(-0.00195958092066 0.000462166919045 0)
(-0.00196553655808 0.000231133031385 0)
(-0.00196752206436 0 0)
(-0.00196553655808 -0.000231133031385 0)
(-0.00195958092066 -0.000462166919045 0)
(-0.00194965779623 -0.000693002557732 0)
(-0.00193577159138 -0.000923540918868 0)
(-0.00191792847483 -0.00115368308807 0)
(-0.0018961363771 -0.0013833303017 0)
(-0.00187040499044 -0.00161238398185 0)
(-0.00184074576922 -0.00184074576922 0)
(-0.00180717193138 -0.00206831755294 0)
(-0.00203054687062 0.00203054687063 0)
(-0.00206831755294 0.00180717193138 0)
(-0.00210168429521 0.00158300693489 0)
(-0.00213063221852 0.00135815001105 0)
(-0.00215514843083 0.00113269953193 0)
(-0.00217522202447 0.000906754083898 0)
(-0.00219084407503 0.000680412436114 0)
(-0.00220200764107 0.000453773506424 0)
(-0.00220870776416 0.000226936325536 0)
(-0.0022109414691 0 0)
(-0.00220870776416 -0.000226936325536 0)
(-0.00220200764107 -0.000453773506424 0)
(-0.00219084407503 -0.000680412436114 0)
(-0.00217522202447 -0.000906754083898 0)
(-0.00215514843083 -0.00113269953193 0)
(-0.00213063221852 -0.00135815001105 0)
(-0.00210168429521 -0.00158300693489 0)
(-0.00206831755294 -0.00180717193138 0)
(-0.00203054687062 -0.00203054687062 0)
(0.00348757836541 0.00378952377041 0)
(0.00335909248959 0.00364644801289 0)
(0.00323060601191 0.00350337158517 0)
(0.00310211883242 0.00336029437594 0)
(0.00297363082776 0.00321721624784 0)
(0.00284514184384 0.00307413702929 0)
(0.00271665168569 0.00293105650317 0)
(0.00258816010287 0.00278797439059 0)
(0.00245966676828 0.00264489032734 0)
(0.00233117124639 0.00250180382842 0)
(0.00220267294426 0.00235871423355 0)
(0.00207417103333 0.00221562062008 0)
(0.00316138144028 0.00405948421556 0)
(0.00304203773027 0.00389638906599 0)
(0.00292269409627 0.00373329402029 0)
(0.00280335055036 0.00357019909498 0)
(0.00268400710734 0.00340710431028 0)
(0.00256466378551 0.00324400969119 0)
(0.00244532060777 0.00308091526903 0)
(0.00232597760321 0.00291782108353 0)
(0.0022066348093 0.0027547271859 0)
(0.00208729227514 0.00259163364324 0)
(0.0019679500664 0.00242854054531 0)
(0.00184860827293 0.00226544801488 0)
(0.00281407443331 0.00430218672931 0)
(0.00270563900732 0.00412104095171 0)
(0.00259720406641 0.00393989598448 0)
(0.0024887696851 0.00375875195208 0)
(0.00238033595397 0.00357760900583 0)
(0.00227190298428 0.00339646733159 0)
(0.00216347091419 0.00321532716017 0)
(0.00205503991745 0.00303418878183 0)
(0.00194661021564 0.00285305256672 0)
(0.00183818209582 0.00267191899439 0)
(0.00172975593668 0.00249078869746 0)
(0.00162133224825 0.00230966252795 0)
(0.00244796770954 0.00451597867333 0)
(0.00235201438601 0.00431889276104 0)
(0.00225606175961 0.00412180828065 0)
(0.00216010993453 0.00392472544615 0)
(0.00206415903678 0.00372764451636 0)
(0.00196820922027 0.00353056580743 0)
(0.00187226067498 0.00333348970953 0)
(0.00177631363811 0.00313641670993 0)
(0.00168036840986 0.00293934742517 0)
(0.0015844253757 0.00274228264702 0)
(0.00148848503903 0.00254522340945 0)
(0.00139254807 0.00234817108892 0)
(0.00206550070187 0.00469940411384 0)
(0.00198339981961 0.00448861351626 0)
(0.00190129970108 0.00427782487956 0)
(0.00181920045801 0.00406703849056 0)
(0.00173710222503 0.00385625469491 0)
(0.00165500516586 0.00364547391297 0)
(0.00157290948162 0.0034346966611 0)
(0.00149081542216 0.00322392358081 0)
(0.00140872330179 0.00301315547904 0)
(0.00132663352146 0.00280239338521 0)
(0.00124454660083 0.00259163863358 0)
(0.00116246322578 0.00238089298504 0)
(0.00166922509959 0.00485121383438 0)
(0.00160213378728 0.00462906127752 0)
(0.00153504319808 0.00440691111495 0)
(0.00146795343603 0.00418476369128 0)
(0.00140086462618 0.00396261942055 0)
(0.00133377692014 0.00374047880472 0)
(0.00126669050347 0.00351834245826 0)
(0.00119960560581 0.00329621114155 0)
(0.00113252251478 0.00307408580694 0)
(0.0010654415955 0.00285196766341 0)
(0.000998363318572 0.00262985826924 0)
(0.00093128830117 0.002407759668 0)
(0.00126178729559 0.00497037389848 0)
(0.0012106412596 0.00473929093605 0)
(0.00115949582812 0.00450821070489 0)
(0.00110835108715 0.00427713359347 0)
(0.00105720713976 0.00404606006757 0)
(0.00100606411066 0.00381499069056 0)
(0.000954922152094 0.00358392615037 0)
(0.00090378145196 0.00335286729589 0)
(0.000852642244847 0.00312181518703 0)
(0.000801504827511 0.00289077116455 0)
(0.00075036958094 0.00265973694982 0)
(0.000699237002513 0.00242871479003 0)
(0.000845910208317 0.00505607272103 0)
(0.000811417095233 0.00481856065369 0)
(0.000776924413728 0.0045810515581 0)
(0.00074243222469 0.00434354585353 0)
(0.000707940601024 0.00410604404199 0)
(0.000673449630773 0.00386854672973 0)
(0.000638959421263 0.00363105465575 0)
(0.000604470104684 0.00339356873031 0)
(0.000569981845737 0.00315609008749 0)
(0.000535494852284 0.00291862015858 0)
(0.000501009390471 0.00268116077622 0)
(0.000466525806703 0.00244371432567 0)
(0.000424374597956 0.00510772661096 0)
(0.000407008977184 0.00486633691229 0)
(0.000389643580574 0.00462495032955 0)
(0.000372278439602 0.00438356730028 0)
(0.000354913591924 0.00414218834795 0)
(0.00033754908298 0.00390081410416 0)
(0.000320184968105 0.00365944533808 0)
(0.000302821315376 0.00341808299606 0)
(0.000285458209518 0.00317672825577 0)
(0.000268095757309 0.00293538260148 0)
(0.000250734095256 0.00269404793072 0)
(0.00023337340073 0.00245272670901 0)
(-5.76261219663e-22 0.0051249837538 0)
(0 0.00488229814287 0)
(6.26131531809e-21 0.0046396156959 0)
(0 0.0043969368565 0)
(-5.78530612559e-22 0.00415426215524 0)
(-3.2815490387e-21 0.00391159223212 0)
(-5.80035365357e-22 0.00366892786628 0)
(0 0.00342627001601 0)
(5.81907182931e-22 0.00318361987333 0)
(0 0.00294097893997 0)
(0 0.00269834913483 0)
(0 0.00245573294973 0)
(-0.000424374597956 0.00510772661096 0)
(-0.000407008977184 0.00486633691229 0)
(-0.000389643580574 0.00462495032955 0)
(-0.000372278439602 0.00438356730028 0)
(-0.000354913591924 0.00414218834795 0)
(-0.00033754908298 0.00390081410416 0)
(-0.000320184968105 0.00365944533808 0)
(-0.000302821315376 0.00341808299606 0)
(-0.000285458209518 0.00317672825577 0)
(-0.000268095757309 0.00293538260148 0)
(-0.000250734095256 0.00269404793072 0)
(-0.00023337340073 0.00245272670901 0)
(-0.000845910208317 0.00505607272103 0)
(-0.000811417095233 0.00481856065369 0)
(-0.000776924413728 0.0045810515581 0)
(-0.00074243222469 0.00434354585353 0)
(-0.000707940601024 0.00410604404199 0)
(-0.000673449630773 0.00386854672973 0)
(-0.000638959421263 0.00363105465575 0)
(-0.000604470104684 0.00339356873031 0)
(-0.000569981845737 0.00315609008749 0)
(-0.000535494852284 0.00291862015858 0)
(-0.000501009390471 0.00268116077622 0)
(-0.000466525806703 0.00244371432567 0)
(-0.00126178729559 0.00497037389848 0)
(-0.0012106412596 0.00473929093605 0)
(-0.00115949582812 0.00450821070489 0)
(-0.00110835108715 0.00427713359347 0)
(-0.00105720713976 0.00404606006757 0)
(-0.00100606411066 0.00381499069056 0)
(-0.000954922152094 0.00358392615037 0)
(-0.00090378145196 0.00335286729589 0)
(-0.000852642244847 0.00312181518703 0)
(-0.000801504827511 0.00289077116455 0)
(-0.00075036958094 0.00265973694982 0)
(-0.000699237002513 0.00242871479003 0)
(-0.00166922509959 0.00485121383438 0)
(-0.00160213378728 0.00462906127752 0)
(-0.00153504319808 0.00440691111495 0)
(-0.00146795343603 0.00418476369128 0)
(-0.00140086462618 0.00396261942055 0)
(-0.00133377692014 0.00374047880472 0)
(-0.00126669050347 0.00351834245826 0)
(-0.00119960560581 0.00329621114155 0)
(-0.00113252251478 0.00307408580694 0)
(-0.0010654415955 0.00285196766341 0)
(-0.000998363318572 0.00262985826924 0)
(-0.00093128830117 0.002407759668 0)
(-0.00206550070187 0.00469940411384 0)
(-0.00198339981961 0.00448861351626 0)
(-0.00190129970108 0.00427782487956 0)
(-0.00181920045801 0.00406703849056 0)
(-0.00173710222503 0.00385625469491 0)
(-0.00165500516586 0.00364547391297 0)
(-0.00157290948162 0.0034346966611 0)
(-0.00149081542216 0.00322392358081 0)
(-0.00140872330179 0.00301315547904 0)
(-0.00132663352146 0.00280239338521 0)
(-0.00124454660083 0.00259163863358 0)
(-0.00116246322578 0.00238089298504 0)
(-0.00244796770954 0.00451597867333 0)
(-0.00235201438601 0.00431889276104 0)
(-0.00225606175961 0.00412180828065 0)
(-0.00216010993453 0.00392472544615 0)
(-0.00206415903678 0.00372764451636 0)
(-0.00196820922027 0.00353056580743 0)
(-0.00187226067498 0.00333348970953 0)
(-0.00177631363811 0.00313641670993 0)
(-0.00168036840986 0.00293934742517 0)
(-0.0015844253757 0.00274228264702 0)
(-0.00148848503903 0.00254522340945 0)
(-0.00139254807 0.00234817108892 0)
(-0.00281407443331 0.00430218672931 0)
(-0.00270563900732 0.00412104095171 0)
(-0.00259720406641 0.00393989598448 0)
(-0.0024887696851 0.00375875195208 0)
(-0.00238033595397 0.00357760900583 0)
(-0.00227190298428 0.00339646733159 0)
(-0.00216347091419 0.00321532716017 0)
(-0.00205503991745 0.00303418878183 0)
(-0.00194661021564 0.00285305256672 0)
(-0.00183818209582 0.00267191899439 0)
(-0.00172975593668 0.00249078869746 0)
(-0.00162133224825 0.00230966252795 0)
(-0.00316138144028 0.00405948421556 0)
(-0.00304203773027 0.00389638906599 0)
(-0.00292269409627 0.00373329402029 0)
(-0.00280335055036 0.00357019909498 0)
(-0.00268400710734 0.00340710431028 0)
(-0.00256466378551 0.00324400969119 0)
(-0.00244532060777 0.00308091526903 0)
(-0.00232597760321 0.00291782108353 0)
(-0.0022066348093 0.0027547271859 0)
(-0.00208729227514 0.00259163364324 0)
(-0.0019679500664 0.00242854054531 0)
(-0.00184860827293 0.00226544801488 0)
(-0.00348757836541 0.00378952377041 0)
(-0.00335909248959 0.00364644801289 0)
(-0.00323060601191 0.00350337158517 0)
(-0.00310211883242 0.00336029437594 0)
(-0.00297363082776 0.00321721624784 0)
(-0.00284514184384 0.00307413702929 0)
(-0.00271665168569 0.00293105650317 0)
(-0.00258816010287 0.00278797439059 0)
(-0.00245966676828 0.00264489032734 0)
(-0.00233117124639 0.00250180382842 0)
(-0.00220267294426 0.00235871423355 0)
(-0.00207417103333 0.00221562062008 0)
(0.00378952377041 0.00348757836541 0)
(0.00405948421556 0.00316138144028 0)
(0.00430218672931 0.00281407443331 0)
(0.00451597867333 0.00244796770954 0)
(0.00469940411384 0.00206550070187 0)
(0.00485121383438 0.00166922509959 0)
(0.00497037389848 0.00126178729559 0)
(0.00505607272103 0.000845910208317 0)
(0.00510772661096 0.000424374597956 0)
(0.0051249837538 0 0)
(0.00510772661096 -0.000424374597956 0)
(0.00505607272103 -0.000845910208317 0)
(0.00497037389848 -0.00126178729559 0)
(0.00485121383438 -0.00166922509959 0)
(0.00469940411384 -0.00206550070187 0)
(0.00451597867333 -0.00244796770954 0)
(0.00430218672931 -0.00281407443331 0)
(0.00405948421556 -0.00316138144028 0)
(0.00378952377041 -0.00348757836541 0)
(0.00364644801289 0.00335909248959 0)
(0.00389638906599 0.00304203773027 0)
(0.00412104095171 0.00270563900732 0)
(0.00431889276104 0.00235201438601 0)
(0.00448861351626 0.00198339981961 0)
(0.00462906127752 0.00160213378728 0)
(0.00473929093605 0.0012106412596 0)
(0.00481856065369 0.000811417095233 0)
(0.00486633691229 0.000407008977184 0)
(0.00488229814287 0 0)
(0.00486633691229 -0.000407008977184 0)
(0.00481856065369 -0.000811417095233 0)
(0.00473929093605 -0.0012106412596 0)
(0.00462906127752 -0.00160213378728 0)
(0.00448861351626 -0.00198339981961 0)
(0.00431889276104 -0.00235201438601 0)
(0.00412104095171 -0.00270563900732 0)
(0.00389638906599 -0.00304203773027 0)
(0.00364644801289 -0.00335909248959 0)
(0.00350337158517 0.00323060601191 0)
(0.00373329402029 0.00292269409627 0)
(0.00393989598448 0.00259720406641 0)
(0.00412180828065 0.00225606175961 0)
(0.00427782487956 0.00190129970108 0)
(0.00440691111495 0.00153504319808 0)
(0.00450821070489 0.00115949582812 0)
(0.0045810515581 0.000776924413728 0)
(0.00462495032955 0.000389643580574 0)
(0.0046396156959 -5.68402072465e-21 0)
(0.00462495032955 -0.000389643580574 0)
(0.0045810515581 -0.000776924413728 0)
(0.00450821070489 -0.00115949582812 0)
(0.00440691111495 -0.00153504319808 0)
(0.00427782487956 -0.00190129970108 0)
(0.00412180828065 -0.00225606175961 0)
(0.00393989598448 -0.00259720406641 0)
(0.00373329402029 -0.00292269409627 0)
(0.00350337158517 -0.00323060601191 0)
(0.00336029437594 0.00310211883242 0)
(0.00357019909498 0.00280335055036 0)
(0.00375875195208 0.0024887696851 0)
(0.00392472544615 0.00216010993453 0)
(0.00406703849056 0.00181920045801 0)
(0.00418476369128 0.00146795343603 0)
(0.00427713359347 0.00110835108715 0)
(0.00434354585353 0.00074243222469 0)
(0.00438356730028 0.000372278439602 0)
(0.0043969368565 0 0)
(0.00438356730028 -0.000372278439602 0)
(0.00434354585353 -0.00074243222469 0)
(0.00427713359347 -0.00110835108715 0)
(0.00418476369128 -0.00146795343603 0)
(0.00406703849056 -0.00181920045801 0)
(0.00392472544615 -0.00216010993453 0)
(0.00375875195208 -0.0024887696851 0)
(0.00357019909498 -0.00280335055036 0)
(0.00336029437594 -0.00310211883242 0)
(0.00321721624784 0.00297363082776 0)
(0.00340710431028 0.00268400710734 0)
(0.00357760900583 0.00238033595397 0)
(0.00372764451636 0.00206415903678 0)
(0.00385625469491 0.00173710222503 0)
(0.00396261942055 0.00140086462618 0)
(0.00404606006757 0.00105720713976 0)
(0.00410604404199 0.000707940601024 0)
(0.00414218834795 0.000354913591924 0)
(0.00415426215524 0 0)
(0.00414218834795 -0.000354913591924 0)
(0.00410604404199 -0.000707940601024 0)
(0.00404606006757 -0.00105720713976 0)
(0.00396261942055 -0.00140086462618 0)
(0.00385625469491 -0.00173710222503 0)
(0.00372764451636 -0.00206415903678 0)
(0.00357760900583 -0.00238033595397 0)
(0.00340710431028 -0.00268400710734 0)
(0.00321721624784 -0.00297363082776 0)
(0.00307413702929 0.00284514184384 0)
(0.00324400969119 0.00256466378551 0)
(0.00339646733159 0.00227190298428 0)
(0.00353056580743 0.00196820922027 0)
(0.00364547391297 0.00165500516586 0)
(0.00374047880472 0.00133377692014 0)
(0.00381499069056 0.00100606411066 0)
(0.00386854672973 0.000673449630773 0)
(0.00390081410416 0.00033754908298 0)
(0.00391159223212 3.2815490387e-21 0)
(0.00390081410416 -0.00033754908298 0)
(0.00386854672973 -0.000673449630773 0)
(0.00381499069056 -0.00100606411066 0)
(0.00374047880472 -0.00133377692014 0)
(0.00364547391297 -0.00165500516586 0)
(0.00353056580743 -0.00196820922027 0)
(0.00339646733159 -0.00227190298428 0)
(0.00324400969119 -0.00256466378551 0)
(0.00307413702929 -0.00284514184384 0)
(0.00293105650317 0.00271665168569 0)
(0.00308091526903 0.00244532060777 0)
(0.00321532716017 0.00216347091419 0)
(0.00333348970953 0.00187226067498 0)
(0.0034346966611 0.00157290948162 0)
(0.00351834245826 0.00126669050347 0)
(0.00358392615037 0.000954922152094 0)
(0.00363105465575 0.000638959421263 0)
(0.00365944533808 0.000320184968105 0)
(0.00366892786628 0 0)
(0.00365944533808 -0.000320184968105 0)
(0.00363105465575 -0.000638959421263 0)
(0.00358392615037 -0.000954922152094 0)
(0.00351834245826 -0.00126669050347 0)
(0.0034346966611 -0.00157290948162 0)
(0.00333348970953 -0.00187226067498 0)
(0.00321532716017 -0.00216347091419 0)
(0.00308091526903 -0.00244532060777 0)
(0.00293105650317 -0.00271665168569 0)
(0.00278797439059 0.00258816010287 0)
(0.00291782108353 0.00232597760321 0)
(0.00303418878183 0.00205503991745 0)
(0.00313641670993 0.00177631363811 0)
(0.00322392358081 0.00149081542216 0)
(0.00329621114155 0.00119960560581 0)
(0.00335286729589 0.00090378145196 0)
(0.00339356873031 0.000604470104684 0)
(0.00341808299606 0.000302821315376 0)
(0.00342627001601 0 0)
(0.00341808299606 -0.000302821315376 0)
(0.00339356873031 -0.000604470104684 0)
(0.00335286729589 -0.00090378145196 0)
(0.00329621114155 -0.00119960560581 0)
(0.00322392358081 -0.00149081542216 0)
(0.00313641670993 -0.00177631363811 0)
(0.00303418878183 -0.00205503991745 0)
(0.00291782108353 -0.00232597760321 0)
(0.00278797439059 -0.00258816010287 0)
(0.00264489032734 0.00245966676828 0)
(0.0027547271859 0.0022066348093 0)
(0.00285305256672 0.00194661021564 0)
(0.00293934742517 0.00168036840986 0)
(0.00301315547904 0.00140872330179 0)
(0.00307408580694 0.00113252251478 0)
(0.00312181518703 0.000852642244847 0)
(0.00315609008749 0.000569981845737 0)
(0.00317672825577 0.000285458209518 0)
(0.00318361987333 0 0)
(0.00317672825577 -0.000285458209518 0)
(0.00315609008749 -0.000569981845737 0)
(0.00312181518703 -0.000852642244847 0)
(0.00307408580694 -0.00113252251478 0)
(0.00301315547904 -0.00140872330179 0)
(0.00293934742517 -0.00168036840986 0)
(0.00285305256672 -0.00194661021564 0)
(0.0027547271859 -0.0022066348093 0)
(0.00264489032734 -0.00245966676828 0)
(0.00250180382842 0.00233117124639 0)
(0.00259163364324 0.00208729227514 0)
(0.00267191899439 0.00183818209582 0)
(0.00274228264702 0.0015844253757 0)
(0.00280239338521 0.00132663352146 0)
(0.00285196766341 0.0010654415955 0)
(0.00289077116455 0.000801504827511 0)
(0.00291862015858 0.000535494852284 0)
(0.00293538260148 0.000268095757309 0)
(0.00294097893997 0 0)
(0.00293538260148 -0.000268095757309 0)
(0.00291862015858 -0.000535494852284 0)
(0.00289077116455 -0.000801504827511 0)
(0.00285196766341 -0.0010654415955 0)
(0.00280239338521 -0.00132663352146 0)
(0.00274228264702 -0.0015844253757 0)
(0.00267191899439 -0.00183818209582 0)
(0.00259163364324 -0.00208729227514 0)
(0.00250180382842 -0.00233117124639 0)
(0.00235871423355 0.00220267294426 0)
(0.00242854054531 0.0019679500664 0)
(0.00249078869746 0.00172975593668 0)
(0.00254522340945 0.00148848503903 0)
(0.00259163863358 0.00124454660083 0)
(0.00262985826924 0.000998363318572 0)
(0.00265973694982 0.00075036958094 0)
(0.00268116077622 0.000501009390471 0)
(0.00269404793072 0.000250734095256 0)
(0.00269834913483 0 0)
(0.00269404793072 -0.000250734095256 0)
(0.00268116077622 -0.000501009390471 0)
(0.00265973694982 -0.00075036958094 0)
(0.00262985826924 -0.000998363318572 0)
(0.00259163863358 -0.00124454660083 0)
(0.00254522340945 -0.00148848503903 0)
(0.00249078869746 -0.00172975593668 0)
(0.00242854054531 -0.0019679500664 0)
(0.00235871423355 -0.00220267294426 0)
(0.00221562062008 0.00207417103333 0)
(0.00226544801488 0.00184860827293 0)
(0.00230966252795 0.00162133224825 0)
(0.00234817108892 0.00139254807 0)
(0.00238089298504 0.00116246322578 0)
(0.002407759668 0.00093128830117 0)
(0.00242871479003 0.000699237002513 0)
(0.00244371432567 0.000466525806703 0)
(0.00245272670901 0.00023337340073 0)
(0.00245573294973 0 0)
(0.00245272670901 -0.00023337340073 0)
(0.00244371432567 -0.000466525806703 0)
(0.00242871479003 -0.000699237002513 0)
(0.002407759668 -0.00093128830117 0)
(0.00238089298504 -0.00116246322578 0)
(0.00234817108892 -0.00139254807 0)
(0.00230966252795 -0.00162133224825 0)
(0.00226544801488 -0.00184860827293 0)
(0.00221562062008 -0.00207417103333 0)
(-0.00348757836541 -0.00378952377041 0)
(-0.00335909248959 -0.00364644801289 0)
(-0.00323060601191 -0.00350337158517 0)
(-0.00310211883242 -0.00336029437594 0)
(-0.00297363082776 -0.00321721624784 0)
(-0.00284514184384 -0.00307413702929 0)
(-0.00271665168569 -0.00293105650317 0)
(-0.00258816010287 -0.00278797439059 0)
(-0.00245966676828 -0.00264489032734 0)
(-0.00233117124639 -0.00250180382842 0)
(-0.00220267294426 -0.00235871423355 0)
(-0.00207417103333 -0.00221562062008 0)
(-0.00316138144028 -0.00405948421556 0)
(-0.00304203773027 -0.00389638906599 0)
(-0.00292269409627 -0.00373329402029 0)
(-0.00280335055036 -0.00357019909498 0)
(-0.00268400710734 -0.00340710431028 0)
(-0.00256466378551 -0.00324400969119 0)
(-0.00244532060777 -0.00308091526903 0)
(-0.00232597760321 -0.00291782108353 0)
(-0.0022066348093 -0.0027547271859 0)
(-0.00208729227514 -0.00259163364324 0)
(-0.0019679500664 -0.00242854054531 0)
(-0.00184860827293 -0.00226544801488 0)
(-0.00281407443331 -0.00430218672931 0)
(-0.00270563900732 -0.00412104095171 0)
(-0.00259720406641 -0.00393989598448 0)
(-0.0024887696851 -0.00375875195208 0)
(-0.00238033595397 -0.00357760900583 0)
(-0.00227190298428 -0.00339646733159 0)
(-0.00216347091419 -0.00321532716017 0)
(-0.00205503991745 -0.00303418878183 0)
(-0.00194661021564 -0.00285305256672 0)
(-0.00183818209582 -0.00267191899439 0)
(-0.00172975593668 -0.00249078869746 0)
(-0.00162133224825 -0.00230966252795 0)
(-0.00244796770954 -0.00451597867333 0)
(-0.00235201438601 -0.00431889276104 0)
(-0.00225606175961 -0.00412180828065 0)
(-0.00216010993453 -0.00392472544615 0)
(-0.00206415903678 -0.00372764451636 0)
(-0.00196820922027 -0.00353056580743 0)
(-0.00187226067498 -0.00333348970953 0)
(-0.00177631363811 -0.00313641670993 0)
(-0.00168036840986 -0.00293934742517 0)
(-0.0015844253757 -0.00274228264702 0)
(-0.00148848503903 -0.00254522340945 0)
(-0.00139254807 -0.00234817108892 0)
(-0.00206550070187 -0.00469940411384 0)
(-0.00198339981961 -0.00448861351626 0)
(-0.00190129970108 -0.00427782487956 0)
(-0.00181920045801 -0.00406703849056 0)
(-0.00173710222503 -0.00385625469491 0)
(-0.00165500516586 -0.00364547391297 0)
(-0.00157290948162 -0.0034346966611 0)
(-0.00149081542216 -0.00322392358081 0)
(-0.00140872330179 -0.00301315547904 0)
(-0.00132663352146 -0.00280239338521 0)
(-0.00124454660083 -0.00259163863358 0)
(-0.00116246322578 -0.00238089298504 0)
(-0.00166922509959 -0.00485121383438 0)
(-0.00160213378728 -0.00462906127752 0)
(-0.00153504319808 -0.00440691111495 0)
(-0.00146795343603 -0.00418476369128 0)
(-0.00140086462618 -0.00396261942055 0)
(-0.00133377692014 -0.00374047880472 0)
(-0.00126669050347 -0.00351834245826 0)
(-0.00119960560581 -0.00329621114155 0)
(-0.00113252251478 -0.00307408580694 0)
(-0.0010654415955 -0.00285196766341 0)
(-0.000998363318572 -0.00262985826924 0)
(-0.00093128830117 -0.002407759668 0)
(-0.00126178729559 -0.00497037389848 0)
(-0.0012106412596 -0.00473929093605 0)
(-0.00115949582812 -0.00450821070489 0)
(-0.00110835108715 -0.00427713359347 0)
(-0.00105720713976 -0.00404606006757 0)
(-0.00100606411066 -0.00381499069056 0)
(-0.000954922152094 -0.00358392615037 0)
(-0.00090378145196 -0.00335286729589 0)
(-0.000852642244847 -0.00312181518703 0)
(-0.000801504827511 -0.00289077116455 0)
(-0.00075036958094 -0.00265973694982 0)
(-0.000699237002513 -0.00242871479003 0)
(-0.000845910208317 -0.00505607272103 0)
(-0.000811417095233 -0.00481856065369 0)
(-0.000776924413728 -0.0045810515581 0)
(-0.00074243222469 -0.00434354585353 0)
(-0.000707940601024 -0.00410604404199 0)
(-0.000673449630773 -0.00386854672973 0)
(-0.000638959421263 -0.00363105465575 0)
(-0.000604470104684 -0.00339356873031 0)
(-0.000569981845737 -0.00315609008749 0)
(-0.000535494852284 -0.00291862015858 0)
(-0.000501009390471 -0.00268116077622 0)
(-0.000466525806703 -0.00244371432567 0)
(-0.000424374597956 -0.00510772661096 0)
(-0.000407008977184 -0.00486633691229 0)
(-0.000389643580574 -0.00462495032955 0)
(-0.000372278439602 -0.00438356730028 0)
(-0.000354913591924 -0.00414218834795 0)
(-0.00033754908298 -0.00390081410416 0)
(-0.000320184968105 -0.00365944533808 0)
(-0.000302821315376 -0.00341808299606 0)
(-0.000285458209518 -0.00317672825577 0)
(-0.000268095757309 -0.00293538260148 0)
(-0.000250734095256 -0.00269404793072 0)
(-0.00023337340073 -0.00245272670901 0)
(5.76261219663e-22 -0.0051249837538 0)
(0 -0.00488229814287 0)
(-6.26131531809e-21 -0.0046396156959 0)
(0 -0.0043969368565 0)
(5.78530612559e-22 -0.00415426215524 0)
(3.2815490387e-21 -0.00391159223212 0)
(5.80035365357e-22 -0.00366892786628 0)
(0 -0.00342627001601 0)
(-5.81907182931e-22 -0.00318361987333 0)
(0 -0.00294097893997 0)
(0 -0.00269834913483 0)
(0 -0.00245573294973 0)
(0.000424374597956 -0.00510772661096 0)
(0.000407008977184 -0.00486633691229 0)
(0.000389643580574 -0.00462495032955 0)
(0.000372278439602 -0.00438356730028 0)
(0.000354913591924 -0.00414218834795 0)
(0.00033754908298 -0.00390081410416 0)
(0.000320184968105 -0.00365944533808 0)
(0.000302821315376 -0.00341808299606 0)
(0.000285458209518 -0.00317672825577 0)
(0.000268095757309 -0.00293538260148 0)
(0.000250734095256 -0.00269404793072 0)
(0.00023337340073 -0.00245272670901 0)
(0.000845910208317 -0.00505607272103 0)
(0.000811417095233 -0.00481856065369 0)
(0.000776924413728 -0.0045810515581 0)
(0.00074243222469 -0.00434354585353 0)
(0.000707940601024 -0.00410604404199 0)
(0.000673449630773 -0.00386854672973 0)
(0.000638959421263 -0.00363105465575 0)
(0.000604470104684 -0.00339356873031 0)
(0.000569981845737 -0.00315609008749 0)
(0.000535494852284 -0.00291862015858 0)
(0.000501009390471 -0.00268116077622 0)
(0.000466525806703 -0.00244371432567 0)
(0.00126178729559 -0.00497037389848 0)
(0.0012106412596 -0.00473929093605 0)
(0.00115949582812 -0.00450821070489 0)
(0.00110835108715 -0.00427713359347 0)
(0.00105720713976 -0.00404606006757 0)
(0.00100606411066 -0.00381499069056 0)
(0.000954922152094 -0.00358392615037 0)
(0.00090378145196 -0.00335286729589 0)
(0.000852642244847 -0.00312181518703 0)
(0.000801504827511 -0.00289077116455 0)
(0.00075036958094 -0.00265973694982 0)
(0.000699237002513 -0.00242871479003 0)
(0.00166922509959 -0.00485121383438 0)
(0.00160213378728 -0.00462906127752 0)
(0.00153504319808 -0.00440691111495 0)
(0.00146795343603 -0.00418476369128 0)
(0.00140086462618 -0.00396261942055 0)
(0.00133377692014 -0.00374047880472 0)
(0.00126669050347 -0.00351834245826 0)
(0.00119960560581 -0.00329621114155 0)
(0.00113252251478 -0.00307408580694 0)
(0.0010654415955 -0.00285196766341 0)
(0.000998363318572 -0.00262985826924 0)
(0.00093128830117 -0.002407759668 0)
(0.00206550070187 -0.00469940411384 0)
(0.00198339981961 -0.00448861351626 0)
(0.00190129970108 -0.00427782487956 0)
(0.00181920045801 -0.00406703849056 0)
(0.00173710222503 -0.00385625469491 0)
(0.00165500516586 -0.00364547391297 0)
(0.00157290948162 -0.0034346966611 0)
(0.00149081542216 -0.00322392358081 0)
(0.00140872330179 -0.00301315547904 0)
(0.00132663352146 -0.00280239338521 0)
(0.00124454660083 -0.00259163863358 0)
(0.00116246322578 -0.00238089298504 0)
(0.00244796770954 -0.00451597867333 0)
(0.00235201438601 -0.00431889276104 0)
(0.00225606175961 -0.00412180828065 0)
(0.00216010993453 -0.00392472544615 0)
(0.00206415903678 -0.00372764451636 0)
(0.00196820922027 -0.00353056580743 0)
(0.00187226067498 -0.00333348970953 0)
(0.00177631363811 -0.00313641670993 0)
(0.00168036840986 -0.00293934742517 0)
(0.0015844253757 -0.00274228264702 0)
(0.00148848503903 -0.00254522340945 0)
(0.00139254807 -0.00234817108892 0)
(0.00281407443331 -0.00430218672931 0)
(0.00270563900732 -0.00412104095171 0)
(0.00259720406641 -0.00393989598448 0)
(0.0024887696851 -0.00375875195208 0)
(0.00238033595397 -0.00357760900583 0)
(0.00227190298428 -0.00339646733159 0)
(0.00216347091419 -0.00321532716017 0)
(0.00205503991745 -0.00303418878183 0)
(0.00194661021564 -0.00285305256672 0)
(0.00183818209582 -0.00267191899439 0)
(0.00172975593668 -0.00249078869746 0)
(0.00162133224825 -0.00230966252795 0)
(0.00316138144028 -0.00405948421556 0)
(0.00304203773027 -0.00389638906599 0)
(0.00292269409627 -0.00373329402029 0)
(0.00280335055036 -0.00357019909498 0)
(0.00268400710734 -0.00340710431028 0)
(0.00256466378551 -0.00324400969119 0)
(0.00244532060777 -0.00308091526903 0)
(0.00232597760321 -0.00291782108353 0)
(0.0022066348093 -0.0027547271859 0)
(0.00208729227514 -0.00259163364324 0)
(0.0019679500664 -0.00242854054531 0)
(0.00184860827293 -0.00226544801488 0)
(0.00348757836541 -0.00378952377041 0)
(0.00335909248959 -0.00364644801289 0)
(0.00323060601191 -0.00350337158517 0)
(0.00310211883242 -0.00336029437594 0)
(0.00297363082776 -0.00321721624784 0)
(0.00284514184384 -0.00307413702929 0)
(0.00271665168569 -0.00293105650317 0)
(0.00258816010287 -0.00278797439059 0)
(0.00245966676828 -0.00264489032734 0)
(0.00233117124639 -0.00250180382842 0)
(0.00220267294426 -0.00235871423355 0)
(0.00207417103333 -0.00221562062008 0)
(-0.00221562062008 0.00207417103333 0)
(-0.00226544801488 0.00184860827293 0)
(-0.00230966252795 0.00162133224825 0)
(-0.00234817108892 0.00139254807 0)
(-0.00238089298504 0.00116246322578 0)
(-0.002407759668 0.00093128830117 0)
(-0.00242871479003 0.000699237002513 0)
(-0.00244371432567 0.000466525806703 0)
(-0.00245272670901 0.00023337340073 0)
(-0.00245573294973 0 0)
(-0.00245272670901 -0.00023337340073 0)
(-0.00244371432567 -0.000466525806703 0)
(-0.00242871479003 -0.000699237002513 0)
(-0.002407759668 -0.00093128830117 0)
(-0.00238089298504 -0.00116246322578 0)
(-0.00234817108892 -0.00139254807 0)
(-0.00230966252795 -0.00162133224825 0)
(-0.00226544801488 -0.00184860827293 0)
(-0.00221562062008 -0.00207417103333 0)
(-0.00235871423355 0.00220267294426 0)
(-0.00242854054531 0.0019679500664 0)
(-0.00249078869746 0.00172975593668 0)
(-0.00254522340945 0.00148848503903 0)
(-0.00259163863358 0.00124454660083 0)
(-0.00262985826924 0.000998363318572 0)
(-0.00265973694982 0.00075036958094 0)
(-0.00268116077622 0.000501009390471 0)
(-0.00269404793072 0.000250734095256 0)
(-0.00269834913483 0 0)
(-0.00269404793072 -0.000250734095256 0)
(-0.00268116077622 -0.000501009390471 0)
(-0.00265973694982 -0.00075036958094 0)
(-0.00262985826924 -0.000998363318572 0)
(-0.00259163863358 -0.00124454660083 0)
(-0.00254522340945 -0.00148848503903 0)
(-0.00249078869746 -0.00172975593668 0)
(-0.00242854054531 -0.0019679500664 0)
(-0.00235871423355 -0.00220267294426 0)
(-0.00250180382842 0.00233117124639 0)
(-0.00259163364324 0.00208729227514 0)
(-0.00267191899439 0.00183818209582 0)
(-0.00274228264702 0.0015844253757 0)
(-0.00280239338521 0.00132663352146 0)
(-0.00285196766341 0.0010654415955 0)
(-0.00289077116455 0.000801504827511 0)
(-0.00291862015858 0.000535494852284 0)
(-0.00293538260148 0.000268095757309 0)
(-0.00294097893997 0 0)
(-0.00293538260148 -0.000268095757309 0)
(-0.00291862015858 -0.000535494852284 0)
(-0.00289077116455 -0.000801504827511 0)
(-0.00285196766341 -0.0010654415955 0)
(-0.00280239338521 -0.00132663352146 0)
(-0.00274228264702 -0.0015844253757 0)
(-0.00267191899439 -0.00183818209582 0)
(-0.00259163364324 -0.00208729227514 0)
(-0.00250180382842 -0.00233117124639 0)
(-0.00264489032734 0.00245966676828 0)
(-0.0027547271859 0.0022066348093 0)
(-0.00285305256672 0.00194661021564 0)
(-0.00293934742517 0.00168036840986 0)
(-0.00301315547904 0.00140872330179 0)
(-0.00307408580694 0.00113252251478 0)
(-0.00312181518703 0.000852642244847 0)
(-0.00315609008749 0.000569981845737 0)
(-0.00317672825577 0.000285458209518 0)
(-0.00318361987333 0 0)
(-0.00317672825577 -0.000285458209518 0)
(-0.00315609008749 -0.000569981845737 0)
(-0.00312181518703 -0.000852642244847 0)
(-0.00307408580694 -0.00113252251478 0)
(-0.00301315547904 -0.00140872330179 0)
(-0.00293934742517 -0.00168036840986 0)
(-0.00285305256672 -0.00194661021564 0)
(-0.0027547271859 -0.0022066348093 0)
(-0.00264489032734 -0.00245966676828 0)
(-0.00278797439059 0.00258816010287 0)
(-0.00291782108353 0.00232597760321 0)
(-0.00303418878183 0.00205503991745 0)
(-0.00313641670993 0.00177631363811 0)
(-0.00322392358081 0.00149081542216 0)
(-0.00329621114155 0.00119960560581 0)
(-0.00335286729589 0.00090378145196 0)
(-0.00339356873031 0.000604470104684 0)
(-0.00341808299606 0.000302821315376 0)
(-0.00342627001601 0 0)
(-0.00341808299606 -0.000302821315376 0)
(-0.00339356873031 -0.000604470104684 0)
(-0.00335286729589 -0.00090378145196 0)
(-0.00329621114155 -0.00119960560581 0)
(-0.00322392358081 -0.00149081542216 0)
(-0.00313641670993 -0.00177631363811 0)
(-0.00303418878183 -0.00205503991745 0)
(-0.00291782108353 -0.00232597760321 0)
(-0.00278797439059 -0.00258816010287 0)
(-0.00293105650317 0.00271665168569 0)
(-0.00308091526903 0.00244532060777 0)
(-0.00321532716017 0.00216347091419 0)
(-0.00333348970953 0.00187226067498 0)
(-0.0034346966611 0.00157290948162 0)
(-0.00351834245826 0.00126669050347 0)
(-0.00358392615037 0.000954922152094 0)
(-0.00363105465575 0.000638959421263 0)
(-0.00365944533808 0.000320184968105 0)
(-0.00366892786628 0 0)
(-0.00365944533808 -0.000320184968105 0)
(-0.00363105465575 -0.000638959421263 0)
(-0.00358392615037 -0.000954922152094 0)
(-0.00351834245826 -0.00126669050347 0)
(-0.0034346966611 -0.00157290948162 0)
(-0.00333348970953 -0.00187226067498 0)
(-0.00321532716017 -0.00216347091419 0)
(-0.00308091526903 -0.00244532060777 0)
(-0.00293105650317 -0.00271665168569 0)
(-0.00307413702929 0.00284514184384 0)
(-0.00324400969119 0.00256466378551 0)
(-0.00339646733159 0.00227190298428 0)
(-0.00353056580743 0.00196820922027 0)
(-0.00364547391297 0.00165500516586 0)
(-0.00374047880472 0.00133377692014 0)
(-0.00381499069056 0.00100606411066 0)
(-0.00386854672973 0.000673449630773 0)
(-0.00390081410416 0.00033754908298 0)
(-0.00391159223212 0 0)
(-0.00390081410416 -0.00033754908298 0)
(-0.00386854672973 -0.000673449630773 0)
(-0.00381499069056 -0.00100606411066 0)
(-0.00374047880472 -0.00133377692014 0)
(-0.00364547391297 -0.00165500516586 0)
(-0.00353056580743 -0.00196820922027 0)
(-0.00339646733159 -0.00227190298428 0)
(-0.00324400969119 -0.00256466378551 0)
(-0.00307413702929 -0.00284514184384 0)
(-0.00321721624784 0.00297363082776 0)
(-0.00340710431028 0.00268400710734 0)
(-0.00357760900583 0.00238033595397 0)
(-0.00372764451636 0.00206415903678 0)
(-0.00385625469491 0.00173710222503 0)
(-0.00396261942055 0.00140086462618 0)
(-0.00404606006757 0.00105720713976 0)
(-0.00410604404199 0.000707940601024 0)
(-0.00414218834795 0.000354913591924 0)
(-0.00415426215524 0 0)
(-0.00414218834795 -0.000354913591924 0)
(-0.00410604404199 -0.000707940601024 0)
(-0.00404606006757 -0.00105720713976 0)
(-0.00396261942055 -0.00140086462618 0)
(-0.00385625469491 -0.00173710222503 0)
(-0.00372764451636 -0.00206415903678 0)
(-0.00357760900583 -0.00238033595397 0)
(-0.00340710431028 -0.00268400710734 0)
(-0.00321721624784 -0.00297363082776 0)
(-0.00336029437594 0.00310211883242 0)
(-0.00357019909498 0.00280335055036 0)
(-0.00375875195208 0.0024887696851 0)
(-0.00392472544615 0.00216010993453 0)
(-0.00406703849056 0.00181920045801 0)
(-0.00418476369128 0.00146795343603 0)
(-0.00427713359347 0.00110835108715 0)
(-0.00434354585353 0.00074243222469 0)
(-0.00438356730028 0.000372278439602 0)
(-0.0043969368565 0 0)
(-0.00438356730028 -0.000372278439602 0)
(-0.00434354585353 -0.00074243222469 0)
(-0.00427713359347 -0.00110835108715 0)
(-0.00418476369128 -0.00146795343603 0)
(-0.00406703849056 -0.00181920045801 0)
(-0.00392472544615 -0.00216010993453 0)
(-0.00375875195208 -0.0024887696851 0)
(-0.00357019909498 -0.00280335055036 0)
(-0.00336029437594 -0.00310211883242 0)
(-0.00350337158517 0.00323060601191 0)
(-0.00373329402029 0.00292269409627 0)
(-0.00393989598448 0.00259720406641 0)
(-0.00412180828065 0.00225606175961 0)
(-0.00427782487956 0.00190129970108 0)
(-0.00440691111495 0.00153504319808 0)
(-0.00450821070489 0.00115949582812 0)
(-0.0045810515581 0.000776924413728 0)
(-0.00462495032955 0.000389643580574 0)
(-0.0046396156959 5.68402072465e-21 0)
(-0.00462495032955 -0.000389643580574 0)
(-0.0045810515581 -0.000776924413728 0)
(-0.00450821070489 -0.00115949582812 0)
(-0.00440691111495 -0.00153504319808 0)
(-0.00427782487956 -0.00190129970108 0)
(-0.00412180828065 -0.00225606175961 0)
(-0.00393989598448 -0.00259720406641 0)
(-0.00373329402029 -0.00292269409627 0)
(-0.00350337158517 -0.00323060601191 0)
(-0.00364644801289 0.00335909248959 0)
(-0.00389638906599 0.00304203773027 0)
(-0.00412104095171 0.00270563900732 0)
(-0.00431889276104 0.00235201438601 0)
(-0.00448861351626 0.00198339981961 0)
(-0.00462906127752 0.00160213378728 0)
(-0.00473929093605 0.0012106412596 0)
(-0.00481856065369 0.000811417095233 0)
(-0.00486633691229 0.000407008977184 0)
(-0.00488229814287 0 0)
(-0.00486633691229 -0.000407008977184 0)
(-0.00481856065369 -0.000811417095233 0)
(-0.00473929093605 -0.0012106412596 0)
(-0.00462906127752 -0.00160213378728 0)
(-0.00448861351626 -0.00198339981961 0)
(-0.00431889276104 -0.00235201438601 0)
(-0.00412104095171 -0.00270563900732 0)
(-0.00389638906599 -0.00304203773027 0)
(-0.00364644801289 -0.00335909248959 0)
(-0.00378952377041 0.00348757836541 0)
(-0.00405948421556 0.00316138144028 0)
(-0.00430218672931 0.00281407443331 0)
(-0.00451597867333 0.00244796770954 0)
(-0.00469940411384 0.00206550070187 0)
(-0.00485121383438 0.00166922509959 0)
(-0.00497037389848 0.00126178729559 0)
(-0.00505607272103 0.000845910208317 0)
(-0.00510772661096 0.000424374597956 0)
(-0.0051249837538 0 0)
(-0.00510772661096 -0.000424374597956 0)
(-0.00505607272103 -0.000845910208317 0)
(-0.00497037389848 -0.00126178729559 0)
(-0.00485121383438 -0.00166922509959 0)
(-0.00469940411384 -0.00206550070187 0)
(-0.00451597867333 -0.00244796770954 0)
(-0.00430218672931 -0.00281407443331 0)
(-0.00405948421556 -0.00316138144028 0)
(-0.00378952377041 -0.00348757836541 0)
)
